Mean,Median,Mode,StandardDeviation,Skewness,Kurtosis,Disorder
41.26281357,9,0,49.03368211,1.153535037,0.803456544,1
42.9847641,26,6,43.62843668,1.044681217,0.721944312,1
53.81742859,58,0,45.67615791,0.679193219,0.073624152,1
52.90805054,52,0,40.90211729,0.726919799,0.31537155,1
55.84090042,60,0,42.46754641,0.534297151,-0.059096436,1
53.55643845,50,0,49.8861709,0.687938678,-0.407845655,1
53.79092407,51,0,49.67496306,0.685370948,-0.388348399,1
47.15018845,46,0,43.06427583,0.678985301,-0.357774005,1
54.18822861,54,0,48.46801652,0.643207358,-0.362950872,1
47.64472961,45,5,44.26768963,0.658404516,-0.27764371,1
50.06687546,51,0,45.16259614,0.641857766,-0.23134547,1
55.05757141,59,0,48.28421938,0.585050982,-0.283221867,1
40.53931427,31,6,40.3230303,1.035939039,0.920299028,1
55.57526016,61,0,48.03115935,0.574436735,-0.198861026,1
59.57993317,66,0,50.49009989,0.540357193,-0.24079511,1
56.91935349,64,0,47.39060383,0.533400413,-0.145727971,1
54.85238266,62,0,44.59845261,0.506627496,-0.096464443,1
44.20808029,43,7,36.62288583,0.799104869,0.354267776,1
54.92518234,54,8,40.06816185,0.986447627,1.577818955,1
51.43540573,50,7,38.00967737,1.012309052,1.557206677,1
54.35561371,55,8,38.68767576,0.893387012,1.479976998,1
70.99814606,78,4,52.36639636,0.381956332,-0.271241108,1
68.62737274,74,3,50.57841933,0.402654149,-0.284261627,1
39.98826599,32,6,39.11454589,1.01135629,0.980992777,1
65.80405045,70,3,48.06510093,0.419610381,-0.210174688,1
57.72635269,63,3,42.41622994,0.451705973,-0.079539877,1
58.65768051,64,3,44.14670123,0.48235538,-0.093304423,1
60.57164764,66,3,45.37020673,0.473689291,-0.028333066,1
62.2677233,57,1,48.79601038,0.77774465,0.227471454,1
86.89915625,85,15,52.19003269,0.535961067,-0.037419096,1
74.50132587,65,0,59.60107164,0.865080439,0.336705634,1
70.12013528,75,88,44.10776496,0.778680699,1.871185961,1
59.11315674,59,0,39.65941922,0.91825181,1.070653634,1
65.92245245,68,82,38.67658547,1.346990036,3.744949239,1
46.31289673,49,5,43.32903319,0.871713684,0.336488588,1
48.20881018,36,1,50.61851355,0.784560071,-0.339380782,1
56.789903,19,0,75.24967687,1.421811067,1.065555012,1
79.85866345,78,82,41.19669323,1.101555066,2.650207004,1
102.333716,93,92,60.42659579,0.700383513,-0.114182409,1
49.00842992,38,1,50.69022442,0.76782036,-0.379918311,1
51.15778664,51,10,35.70250983,1.49333782,3.940830692,1
39.17660284,34,0,34.32658979,2.200111367,7.825855571,1
71.51089789,70,0,62.07809265,0.490991429,-0.618718716,1
26.8780899,6,0,36.39208992,1.688583871,3.081604653,1
42.79630379,36,0,38.35900269,1.345129758,2.691291338,1
49.02815247,49,6,46.68821216,0.956935878,0.536352125,1
58.10972595,56,9,44.54109248,1.050098559,1.691969688,1
53.98806,60,3,42.38402588,0.687596101,0.77839792,1
53.05023956,59,3,40.50856532,0.72018661,1.071186241,1
53.6576004,59,3,40.95729422,0.752799327,1.228769636,1
50.84292221,54,3,39.48961923,0.834324493,1.418900063,1
62.00063324,69,2,42.58231039,0.420793628,0.307466585,1
59.0476532,66,2,41.1708273,0.529579141,0.675372976,1
60.31705093,67,2,41.28755152,0.53997343,0.823251784,1
63.73709869,68,3,43.76824324,0.563292569,0.711595957,1
64.73760986,69,2,44.46295277,0.596639692,0.872470818,1
47.42516327,46,6,45.3986053,0.996646272,0.658135449,1
66.25418854,72,3,46.08550966,0.603853952,0.861343121,1
65.74549484,74,3,45.96059294,0.558931819,0.74603735,1
51.8813591,56,6,34.50408896,0.866240043,2.260461649,1
49.91311646,54,6,33.84352914,0.983079387,2.696197499,1
50.83233261,52,7,35.43426216,1.05180038,2.63452053,1
52.13603973,54,7,36.29487434,1.008394344,2.376899897,1
49.23084641,52,6,34.04828801,1.05070821,2.765907821,1
49.57562256,54,6,33.62736491,1.005486314,2.824629508,1
50.7651825,55,6,34.09807833,0.934944001,2.534278172,1
51.10276794,53,7,40.96335692,0.992301675,1.611150312,1
46.64069748,45,0,44.83377922,1.029753494,0.770344377,1
49.24430847,49,7,40.4616063,1.08034213,1.716234011,1
47.44582748,47,7,38.28246454,1.031228957,1.383917704,1
50.95848083,54,7,39.36506174,0.94054557,1.597805598,1
50.72092438,54,6,38.93182691,0.973904151,1.758119882,1
49.13287735,53,6,37.98976431,0.989161824,1.793303265,1
50.33451843,55,6,38.33999406,0.912796942,1.581875741,1
45.0500679,47,3,33.43398772,1.155655166,3.365239859,1
47.1546936,49,3,34.59568548,1.135675805,3.398310127,1
46.05394363,47,3,34.54520629,1.244153888,3.593389429,1
49.91136932,52,3,35.96953103,1.08614684,3.057301628,1
38.99555969,28,5,39.28731288,0.976972326,0.577606563,1
43.11153793,44,3,31.63432963,1.114108194,2.855815475,1
51.46645737,55,3,36.32033367,0.898738366,2.26181138,1
53.53723145,56,3,45.61737016,0.758172006,0.570946918,1
47.64481735,49,3,41.00886116,0.839805336,0.814513709,1
49.70438004,52,3,42.05833099,0.845556622,0.924828123,1
53.12239838,55,3,44.48128033,0.807347736,0.829499753,1
55.16137314,58,3,46.26073271,0.738159414,0.549552239,1
48.68379593,48,3,43.52851961,0.989858904,1.148619206,1
45.37934875,42,3,42.96352516,1.122958668,1.382058726,1
61.30335617,69,89,37.7956615,0.247058371,-0.161007911,1
42.71057892,34,6,42.48935618,0.980656139,0.689021507,1
53.28776169,59,7,33.54223542,0.266763162,-0.293924565,1
62.89984131,68,9,39.02400546,0.262942226,-0.340619125,1
55.87936401,59,7,34.39371322,0.360523074,-0.07621441,1
60.83597946,68,86,37.35925475,0.304424688,-0.026343772,1
46.14394379,48,3,34.86491157,0.625987555,0.409425255,1
49.97836304,53,3,36.51692796,0.527636565,0.214247739,1
50.45933151,54,4,37.1687807,0.579577874,0.367597356,1
53.96121597,59,4,38.6755782,0.472384032,0.229055176,1
57.41794586,62,4,41.35501109,0.483491513,0.197202398,1
58.35284042,65,4,41.10236137,0.34367188,0.012632813,1
38.35948563,29,5,38.27363206,1.019871155,0.801265025,1
59.28190613,65,4,43.73250989,0.432331247,-0.053225644,1
65.57333755,72,4,49.34724044,0.493370314,0.10044107,1
64.48981476,70,4,49.76858851,0.575134502,0.252028545,1
63.19680023,69,3,48.92760792,0.567371483,0.238250714,1
66.32292938,76,4,42.82917257,0.148555673,0.092599708,1
64.79161072,73,4,41.38280015,0.144603599,0.066313183,1
62.82200623,69,4,39.98956977,0.168126548,0.168142289,1
62.82200623,69,4,39.98956977,0.168126548,0.168142289,1
65.48637772,73,4,41.77938244,0.183098364,0.103422437,1
46.70122147,46,5,36.81402159,1.165537735,2.898963854,1
40.30958557,25,0,42.43909683,0.867876278,-0.111835973,1
41.05902863,8,0,47.18758677,0.961523371,0.365947406,1
48.39727402,51,5,37.10201097,1.065993924,2.659733617,1
61.98666382,70,3,49.13286302,0.533935642,0.100935333,1
62.36849213,70,4,49.58863772,0.592868999,0.285639725,1
58.7746582,65,3,46.58430045,0.632904569,0.451001747,1
57.09989166,62,3,45.20128088,0.652406758,0.484547887,1
53.82913589,60,3,42.93089907,0.604518771,0.321187066,1
56.18002319,62,3,45.05651199,0.631096188,0.374435586,1
53.63065338,56,9,39.41434981,0.979129102,1.821450677,1
52.11816025,53,9,38.89200718,1.0591127,2.00321755,1
37.08752823,37,7,27.60684316,1.15102379,2.382299401,1
36.124897,6,0,41.61295462,1.033375342,0.797759912,1
41.90667343,42,7,30.81020768,1.101771949,2.33361538,1
39.90510178,41,7,29.36846463,1.000056289,1.922940067,1
51.69619751,54,8,37.77287303,0.968287956,1.884104482,1
54.84257889,59,10,35.25624877,0.671660852,1.372484399,1
56.52501297,59,11,36.63821964,0.759224685,1.400275212,1
54.87791443,61,10,35.92656173,0.578571431,1.138108335,1
61.72378922,70,3,46.53225743,0.446697328,0.036170961,1
61.3547287,68,3,46.74838033,0.513030762,0.176789088,1
60.64824677,66,3,46.31594053,0.551732195,0.248580085,1
60.0075531,65,3,45.16485497,0.554386333,0.338679276,1
37.75302887,6,0,43.53391262,1.070302188,1.030503961,1
57.98490524,62,3,43.41197433,0.593519566,0.467964943,1
60.06715012,68,3,49.20769884,0.508961016,-0.090924229,1
53.60894012,59,3,44.80030676,0.599142836,0.11718375,1
55.84259033,61,3,46.26670992,0.63280593,0.31209537,1
56.57684708,61,3,47.20222908,0.706230028,0.521686681,1
57.89300156,63,3,47.94911595,0.634989793,0.300076244,1
58.54163361,65,3,48.01735912,0.570289582,0.138577081,1
59.86582565,66,3,50.35362535,0.578153261,-0.013562367,1
63.83362579,73,3,51.61033137,0.482673159,-0.130337938,1
51.71517563,56,3,43.64832767,0.791661214,0.774556897,1
33.57155991,9,0,39.90237509,1.197499143,1.043723909,1
54.5625267,63,3,43.54717499,0.508504832,0.099587211,1
61.92650986,71,3,50.2204751,0.587896624,0.234225628,1
59.90312958,66,3,49.49341925,0.691626784,0.477894212,1
57.13806152,64,3,46.40398968,0.714143475,0.731726005,1
56.86914063,62,3,46.18575642,0.789299801,1.034545349,1
53.04471588,57,3,43.97316018,0.809642408,0.91984432,1
54.69914246,61,3,44.87987906,0.718347588,0.741533611,1
58.04170227,65,3,47.49701248,0.657127397,0.483562323,1
56.73564148,59,8,40.30912788,0.874431561,1.43458459,1
56.81696701,58,8,40.11195056,0.909138951,1.550746444,1
30.54084396,8,0,35.61216535,1.195633517,1.277014978,1
58.10972595,56,9,44.54109248,1.050098559,1.691969688,1
49.03509903,48,7,40.02511266,0.783312979,0.349532362,1
50.46201324,51,7,40.23056014,0.736216606,0.305453722,1
50.46201324,51,7,40.23056014,0.736216606,0.305453722,1
44.81075668,44,0,40.30040427,0.757926132,-0.077501269,1
50.71915054,51,7,39.27849842,0.711981481,0.388138809,1
48.72465897,50,0,43.37506276,0.739780025,-0.110214463,1
51.07290268,52,0,44.64910775,0.696427311,-0.183733371,1
52.87295914,56,0,45.04647852,0.630922415,-0.25711827,1
54.36774063,58,0,45.58521015,0.595568917,-0.284191093,1
31.63314438,11,0,36.74505088,1.243397575,1.6154614,1
65.15109253,72,8,38.35053855,0.38746491,0.886490728,1
60.72660065,67,8,36.30627333,0.489033717,1.176023804,1
60.72660065,67,8,36.30627333,0.489033717,1.176023804,1
58.23173141,62,7,35.90516102,0.575066921,1.067840028,1
53.69129181,57,7,34.0937126,0.669714016,1.19616778,1
69.41265488,76,6,42.63444679,0.231784028,0.266564783,1
61.8054657,68,5,38.39369037,0.328105453,0.462169565,1
60.94595337,66,5,37.49971691,0.369196496,0.680014223,1
62.01062012,67,5,37.58234989,0.414119007,0.948569645,1
59.75636673,62,5,36.93546652,0.547542767,1.161998025,1
55.56788635,64,0,40.3384176,0.373028751,-0.20647205,1
57.56383133,60,5,37.24854055,0.600733341,1.192474708,1
59.04915619,63,5,37.29816792,0.522010932,1.186181172,1
59.59233475,63,3,48.52865647,0.686046582,0.209626542,1
66.34492111,70,3,53.27922974,0.656429893,0.131972705,1
62.2577858,65,3,49.69942233,0.644086305,0.121863567,1
66.94488525,71,3,53.52305191,0.601116805,-0.025059224,1
45.88064575,44,8,36.63521247,1.219602518,2.606518377,1
46.39001465,44,8,36.96565709,1.268782158,2.740099532,1
46.55962753,43,9,37.30244553,1.34182095,2.782107802,1
47.71586609,45,9,37.82287488,1.253213258,2.448567413,1
51.90593338,60,0,37.96382816,0.418375733,-0.056945948,1
50.95238495,55,7,42.27804635,1.042139198,1.720904871,1
50.66109085,53,7,42.52843993,1.090254825,1.77556361,1
49.9607811,52,7,42.20974212,1.110316188,1.861614896,1
40.71282959,44,5,33.76942675,1.014141385,1.666876046,1
48.88240051,52,6,41.56485427,1.046139592,1.649709901,1
49.9032402,54,6,42.62639666,1.036190125,1.636552876,1
45.47924423,52,4,30.33103348,0.259885066,-0.069755447,1
53.20952988,61,5,35.96156814,0.292706885,-0.127889487,1
50.95302963,59,5,34.95691507,0.310598916,-0.164216904,1
49.7184906,57,5,34.63294708,0.340679286,-0.149168274,1
50.67792511,59,0,37.74107373,0.518939497,0.210878277,1
50.61933136,57,5,35.88723393,0.406444717,-0.096282911,1
52.84792709,60,5,37.10085154,0.366116986,-0.13424253,1
47.90726471,54,4,34.03019718,0.369056692,-0.143125746,1
54.36468887,57,4,45.79323084,0.751689969,0.686357071,1
48.86286545,52,7,34.13739008,1.021624872,2.588193492,1
43.41262054,44,6,31.09360256,1.092258496,2.490542473,1
59.31463623,62,8,44.12153222,0.92064627,1.274539342,1
59.51691437,62,8,43.52569667,0.947901445,1.473374408,1
56.18302155,58,8,41.42141098,0.991973455,1.584492462,1
53.8113327,53,7,40.19206309,1.083736439,1.826044096,1
39.74367142,15,0,45.68414048,1.107347806,0.486920137,1
55.78396988,56,7,40.98829963,1.043248068,1.771824729,1
56.74094391,58,8,41.42512309,0.98326432,1.662507825,1
54.4252243,57,7,40.74237046,1.007460148,1.716680383,1
43.78424072,46,3,32.17376704,0.897683764,1.957466895,1
49.56274796,54,3,33.48865043,0.755729903,1.832900803,1
42.49898529,43,3,29.50807517,1.058992582,3.283070451,1
45.33250427,47,3,31.48335017,1.016010309,3.075377008,1
51.07216263,54,4,36.5449929,1.027191961,2.699987458,1
55.83065414,61,3,38.51014126,0.865703822,2.287332416,1
54.2060318,58,4,37.26607367,0.926475722,2.481694771,1
39.43244553,24,0,40.98934666,0.813969946,-0.201747827,1
37.06320953,15,0,42.04001086,1.116918608,0.662351122,1
60.93785477,67,4,40.13224868,0.692238049,1.816309941,1
60.5437851,68,3,46.07927091,0.466021997,0.100879834,1
58.22719193,65,3,44.33549362,0.529476403,0.33573283,1
58.22719193,65,3,44.33549362,0.529476403,0.33573283,1
54.89962006,62,3,41.3243794,0.555595451,0.568204245,1
49.66772842,54,3,38.34598864,0.675945547,0.927751771,1
50.69330978,57,3,38.52669333,0.572911873,0.682143436,1
54.52017212,63,3,40.92505315,0.484929445,0.430938519,1
54.29419327,63,3,41.07801275,0.455824664,0.232105145,1
56.81594467,63,3,44.45443203,0.573484391,0.353808672,1
36.56522751,15,0,40.71142291,1.079929013,0.628693377,1
53.11709595,56,6,37.27978838,1.04232728,2.335560316,1
51.60501862,52,6,37.33952382,1.089299943,2.170420808,1
55.23789978,58,6,40.68760686,1.063033694,2.046858626,1
62.1766777,71,3,45.6432452,0.455013126,0.291115128,1
59.64432526,66,3,44.68303139,0.633421337,0.761537283,1
58.26938248,64,3,43.48624826,0.64958762,0.900191465,1
60.05589676,66,3,44.65189472,0.576346594,0.534885702,1
63.57294464,71,4,47.1880129,0.525563372,0.402386357,1
52.20853424,54,6,40.4157044,1.145321587,2.296968963,1
48.43663788,49,6,37.33879288,1.131749172,2.054090543,1
34.73610306,17,0,37.82552311,1.050133108,0.70953265,1
49.63535309,50,6,38.54612473,1.08312047,1.763571458,1
48.74239349,50,6,38.67261589,1.128006351,1.980551307,1
57.19757843,60,7,43.64558728,1.059138573,1.937543949,1
51.47776413,52,7,39.32732265,0.981819028,1.556552666,1
51.84589386,50,8,39.79999907,1.06957159,1.87076746,1
52.6783638,51,9,40.78329363,1.212852345,2.288211686,1
48.98353958,51,0,38.14650732,0.580590088,-0.048672206,1
51.8740921,56,0,43.66333511,0.696921041,0.195838717,1
54.47080231,60,0,44.81481504,0.649266006,0.173022281,1
50.77693558,48,8,44.71317994,0.922514748,0.813897298,1
46.58667755,42,8,40.2599714,0.970211521,0.793970673,1
48.08657074,46,8,41.97650885,0.900395917,0.766983077,1
49.05400848,47,8,42.4747609,0.898742155,0.81372253,1
46.22584915,44,7,39.74549262,0.88722627,0.810502803,1
43.89502335,43,6,37.52054166,0.844133931,0.657746285,1
47.58184433,46,7,40.33110074,0.876710753,0.849780617,1
50.92771912,45,8,45.72656802,1.022933608,0.889513927,1
50.33509445,44,9,44.63929282,1.006114823,0.941729702,1
52.25615692,46,9,45.75941925,0.94827537,0.754845819,1
53.34952164,55,0,42.59909506,0.7681204,0.368670212,1
52.19611359,54,0,41.11778033,0.738066487,0.372334144,1
45.93173599,42,8,39.41919291,0.987475474,0.949893781,1
53.76063538,55,0,48.02821063,0.669382897,-0.121502425,1
57.15014267,61,0,49.24785395,0.596798853,-0.194084881,1
58.58911514,64,0,48.52968303,0.507683365,-0.293946181,1
61.0979538,68,0,49.55759404,0.474393547,-0.262094586,1
53.31156158,58,0,42.80556377,0.501449621,-0.125399975,1
54.70633316,60,0,42.4657751,0.436779547,-0.207580229,1
52.55890656,50,9,45.43056935,0.706069149,-0.133469248,1
50.13642502,49,9,42.49634007,0.666425036,-0.113277202,1
51.71556473,50,9,43.25927444,0.653547731,-0.093553833,1
49.05597305,48,8,40.42393706,0.638757333,-0.075150036,1
41.01912308,37,7,34.82029777,0.984181391,1.085592822,1
48.40896988,48,8,39.23951677,0.591666662,-0.145968173,1
47.00521469,47,8,37.67169667,0.588110587,-0.090545146,1
52.81203461,54,9,41.49774817,0.570709875,-0.035348043,1
47.27826309,47,8,39.5858569,0.799975783,0.404909471,1
46.91353226,46,8,39.12280399,0.83257837,0.545272368,1
50.55214691,51,8,41.59709351,0.819521588,0.619074497,1
47.01469803,47,8,38.33806024,0.852716549,0.879347961,1
51.86416245,55,0,38.36892523,0.714568055,0.927121561,1
54.78570557,57,0,41.21721774,0.804688503,1.092264643,1
55.99006653,59,0,40.0655366,0.659861658,0.876700838,1
47.87348175,44,8,39.71662893,0.895961088,0.805266612,1
53.76810837,56,0,38.78561844,0.799045095,1.400826891,1
46.04590225,45,0,40.19214147,0.764961036,0.208811562,1
49.33773041,52,9,35.75875104,0.365751444,-0.461852017,1
50.4107666,54,9,36.15430973,0.35159314,-0.442661404,1
50.79586411,55,9,35.93578498,0.337333198,-0.42537761,1
53.95412445,57,10,38.07560158,0.323027979,-0.613593242,1
53.39186096,56,9,37.64554633,0.307866634,-0.720559859,1
51.86375427,45,0,46.31847809,0.718646508,-0.315404185,1
51.27450562,48,0,44.33728361,0.646982669,-0.353729475,1
44.88110733,42,0,38.2533082,0.685663083,-0.192787504,1
47.32436752,45,8,38.21952721,0.861020649,0.903628263,1
54.11353302,53,0,44.58872255,0.606609766,-0.296777812,1
55.02815247,53,0,44.99182251,0.664724561,-0.164153725,1
53.2998085,53,0,41.94792535,0.596681223,-0.185452614,1
58.72457123,57,0,46.45508866,0.640499189,-0.076620154,1
56.00971603,56,0,46.24788386,0.667240175,0.000832591,1
48.80449295,49,0,39.68898967,0.648144639,0.044012634,1
59.9777832,62,0,47.81337406,0.601614817,0.007373763,1
51.43438721,54,0,40.22636333,0.610960855,0.248544555,1
52.18417358,56,0,40.08054825,0.578795958,0.254263732,1
52.38840103,56,0,40.00425179,0.548318989,0.138746214,1
46.32064056,45,7,36.5703284,0.87011036,1.151338466,1
53.02979279,56,0,40.91288944,0.589896163,0.204022583,1
49.95503998,55,0,38.31770367,0.399742197,-0.354723421,1
53.44807053,61,0,41.40447248,0.334032184,-0.589897222,1
45.47966003,52,0,34.49342546,0.287622744,-0.664029757,1
46.01040268,52,0,34.85573659,0.29838071,-0.583943268,1
51.83375931,58,0,38.28999733,0.261106239,-0.650908878,1
49.01672745,46,0,41.49081446,0.970018616,1.275426688,1
52.16798019,51,0,46.32912065,0.749579216,0.096648267,1
50.82644653,50,0,44.42846382,0.762110056,0.238503311,1
50.82644653,50,0,44.42846382,0.762110056,0.238503311,1
44.72854996,43,8,34.5643645,0.882378213,1.244904811,1
50.34602737,54,0,41.82416381,0.628990556,0.087195017,1
45.25086212,43,8,37.98765679,0.932301872,0.936890226,1
47.11694336,46,9,38.82284673,0.899273671,0.849333592,1
46.04632187,45,8,37.33661451,0.854580677,0.793863028,1
49.734478,49,9,39.72053575,0.806955645,0.702755174,1
45.71594238,44,8,36.21981228,0.836498229,0.861247156,1
51.33945847,53,9,39.42064061,0.575341657,-0.115940689,1
52.45799637,54,9,40.17031581,0.582930065,-0.030783534,1
53.95497894,55,9,40.94494313,0.57008715,-0.036043955,1
54.17281723,55,0,43.67620336,0.619055363,-0.13428971,1
39.07210159,25,0,40.34481969,0.815751192,-0.106426473,1
44.37736893,48,7,34.19512764,0.488890367,-0.245211853,1
52.41585541,53,0,42.08332171,0.649155803,-0.046836588,1
52.39050293,54,9,39.48958233,0.680865128,0.467374117,1
52.53450394,53,6,36.967168,1.078871283,2.305148087,1
55.26703262,57,6,38.04982375,1.030959201,2.097106964,1
54.59892654,60,7,37.47863001,0.827089521,1.823650656,1
46.93494797,50,6,33.18779171,0.954689106,2.167863704,1
47.15494537,49,6,32.92515923,0.907190943,1.898203562,1
49.31207657,54,6,33.45654144,0.822570239,2.018935758,1
49.31207657,54,6,33.45654144,0.822570239,2.018935758,1
58.2937851,67,2,43.50776614,0.404030199,0.196802716,1
61.50894165,67,10,46.45521887,0.430550418,-0.399227625,1
55.06452179,63,2,41.01604077,0.427448091,0.312654189,1
55.31753159,60,2,42.03278915,0.635462462,0.766367288,1
58.34529495,64,2,43.63208921,0.520752354,0.507934043,1
54.22980118,60,2,41.3808806,0.591594126,0.651294896,1
54.21013641,62,2,40.60168682,0.484142964,0.489506859,1
47.94253922,50,6,36.36736705,1.105966194,2.326868772,1
45.39529037,45,6,34.68826727,1.072214302,1.862240849,1
49.32217789,51,6,37.09689052,1.084711789,2.371965996,1
47.66926575,50,6,35.57212076,1.057902615,2.438863903,1
51.99380875,55,6,40.3441103,1.04326652,1.787300952,1
64.18045425,72,10,47.44614178,0.331820444,-0.579057955,1
50.90547562,53,6,39.53915217,1.056313521,1.856594461,1
51.41482925,52,6,40.68959391,1.09225812,1.855553007,1
51.12245941,52,7,40.440232,1.066341987,1.758695178,1
50.68994141,53,6,39.98237357,1.054735577,1.880384723,1
63.59997559,69,0,38.10447044,0.453741367,0.872572626,1
60.82095337,65,0,36.7147303,0.389689349,0.487763481,1
60.9889679,61,0,38.07182531,0.585533809,0.71913888,1
59.60443115,65,0,37.63522641,0.498998892,0.693632218,1
59.36387634,64,0,36.60490739,0.496804245,0.804894388,1
59.88883972,69,3,42.47823327,0.422678331,0.43947249,1
48.90068436,49,7,41.13232817,0.794327197,0.432032442,1
60.03422546,68,3,43.06628246,0.521714345,0.649339567,1
57.77539444,63,3,42.18281714,0.692954242,1.136131653,1
56.06096268,62,3,40.13925235,0.612509984,1.084106576,1
57.56116104,65,3,41.56603022,0.612095204,1.076073678,1
59.34975815,68,3,44.06866329,0.607294964,0.876729126,1
54.86493683,60,7,33.39755767,0.666676878,1.724850947,1
51.17382431,54,6,31.87324551,0.838117374,2.256337769,1
51.23527527,56,6,31.68686178,0.679080048,1.770984247,1
37.99321747,35,6,29.57372227,1.44088741,3.98883752,1
36.4261055,33,6,28.54653976,1.621603352,4.937867777,1
49.21874237,49,7,41.37887578,0.79125411,0.405778946,1
39.80000305,37,6,30.92564412,1.637406733,4.740765152,1
62.68527985,67,0,39.14918745,0.346225344,0.531081361,1
62.73205566,68,5,39.2245035,0.367366784,0.61382355,1
53.63388443,58,4,34.81172204,0.441964484,0.660849822,1
59.03055954,64,4,44.5531187,0.657040697,0.656896011,1
53.36069107,57,4,40.4440711,0.706224166,0.820813987,1
60.08737183,64,4,45.58933755,0.693874733,0.687733022,1
54.29150391,58,4,41.84855005,0.706783431,0.7025388,1
66.15822983,73,5,40.4402078,0.423566875,0.938484244,1
63.84938812,70,5,39.23431324,0.426426109,0.894271239,1
52.4559288,51,0,44.94042224,0.824379964,0.534236673,1
49.56352615,50,6,38.624138,1.042385425,1.589441249,1
47.63149643,48,6,36.80432158,1.041288946,1.607758465,1
50.53645706,54,7,37.30619074,1.036500321,2.363138594,1
47.98704529,49,6,36.03669236,1.148486808,2.662507073,1
48.90008926,51,7,36.54123962,1.090517195,2.537240984,1
50.29024124,54,6,37.19931104,1.00208661,2.330100547,1
57.55504227,60,6,42.88721996,0.748483806,0.639190204,1
46.5152626,48,5,34.49686102,0.766703978,0.772917286,1
44.1232338,44,4,32.9234661,0.776857182,0.591569941,1
55.91943359,59,5,41.4429039,0.787483199,0.783451332,1
53.78823471,55,0,44.75999421,0.718473031,0.322908475,1
48.80521393,49,4,42.11878626,0.942122833,1.334321693,1
45.71215057,44,4,40.42355165,1.090181411,1.819037943,1
44.93516159,40,4,39.7805763,1.1141003,1.604852675,1
44.07577896,43,4,38.86698608,1.09526264,1.878708035,1
44.9910965,45,4,39.58280837,1.091816985,2.087414298,1
52.29095459,58,7,40.75121396,1.043985079,2.055762078,1
49.67140961,52,6,39.30293727,1.064303908,1.977807037,1
44.49868393,43,6,36.19387754,1.162872531,1.994989431,1
48.56922531,49,7,39.98867579,1.165454806,2.058063205,1
44.80379868,46,7,37.60056025,0.761070175,0.301099685,1
52.00261688,54,0,42.53122382,0.723502955,0.409538442,1
57.51380157,64,9,42.57464113,0.385147767,-0.469169569,1
52.22869873,56,0,42.97451333,0.589589976,0.005351118,1
51.66171265,54,0,42.13705121,0.582335843,0.02536191,1
52.42133713,56,0,41.83830352,0.542845945,0.011951883,1
54.49156189,60,0,42.41203366,0.492183233,0.009283598,1
53.67601013,59,0,41.13265015,0.440780074,-0.057232261,1
53.44805527,59,0,39.84653381,0.45669688,0.193677927,1
52.07610703,57,7,41.56886243,0.561484686,0.000207772,1
55.79457092,60,8,44.75992279,0.591288919,0.055941852,1
47.31000519,52,6,37.96641709,0.586048077,0.099747502,1
53.43612289,57,0,42.02349334,0.621837051,0.321856131,1
52.19894791,51,8,44.42374373,0.799140618,0.2913562,1
53.01087189,52,9,44.79381692,0.781681722,0.237163081,1
53.43105316,50,9,44.96467594,0.781405073,0.237906248,1
55.64543915,54,9,45.94770174,0.751398495,0.261044566,1
56.09976578,57,9,45.41903155,0.748261274,0.372004882,1
46.49022675,47,8,38.84323623,0.815269722,0.599916015,1
51.87709045,52,9,43.23434314,0.816308674,0.608132592,1
50.40179825,51,8,42.09844777,0.851679096,0.769428083,1
49.91671753,56,6,36.78303412,0.333824484,-0.330713137,1
52.90943909,61,6,37.91061198,0.233441957,-0.515956812,1
47.51236343,47,0,42.0910186,0.782238409,0.241364087,1
54.78179932,63,7,38.55780084,0.190564876,-0.561006703,1
59.01829529,68,6,41.01443284,0.182154921,-0.478283486,1
51.60725403,58.5,6,35.9851527,0.306210074,-0.025494823,1
53.51778412,56,0,46.74814431,0.68658534,-0.041528365,1
53.8731308,57,0,46.43930131,0.645320983,-0.116804596,1
45.4021492,47,0,38.96216372,0.682975568,0.04996224,1
48.69842529,51,0,41.2451284,0.665626226,0.05694292,1
54.90555954,57,0,45.83768298,0.6172938,-0.042167241,1
55.50750732,59,8,41.19161579,0.530830787,0.00185004,1
58.94258499,64,8,42.87705801,0.486905303,-0.065060827,1
44.91160583,36,0,44.62626401,0.692588238,-0.318495785,1
52.29380417,52,0,45.41677499,0.729834172,0.145936938,1
46.35087967,51,7,33.22589263,0.474548931,0.090027359,1
42.16539764,37,8,36.62242043,1.058120412,1.184644256,1
46.36101151,41,9,39.4878474,1.001084182,1.042578212,1
44.68776321,39,9,37.53154039,0.999749785,1.166150379,1
55.20622635,56,0,42.71275234,0.596741643,0.050053321,1
59.22493744,62,0,44.03405711,0.522842874,0.072993181,1
60.64928055,63,0,45.37339196,0.614077621,0.308498825,1
61.38832474,64,0,44.47805763,0.526695959,0.235894538,1
48.9240303,50,0,41.17134113,0.792403661,0.492992971,1
53.11863327,54,0,44.18850053,0.818837021,0.581226603,1
50.8697319,49,0,43.94989943,0.730506517,0.174621375,1
58.35054016,61,0,47.05458763,0.675423421,0.238827325,1
56.64173889,57,0,45.95536926,0.77050598,0.564131272,1
56.4977951,58,0,45.44031,0.679615207,0.309364133,1
55.45165634,56,0,45.00055997,0.73212398,0.453052224,1
54.33078003,57,0,44.05827571,0.753182081,0.612739235,1
58.41378021,63,0,44.04983132,0.542124753,0.064684562,1
56.17440414,62,0,41.24673973,0.430132058,-0.065666627,1
54.45181274,59,0,40.17131499,0.521121693,0.204449225,1
58.18468475,65,0,41.94817346,0.417939453,0.065418492,1
49.82402039,55,0,35.47169977,0.441730046,0.209636468,1
54.11328125,54,0,46.08518723,0.665307675,0.032617085,1
48.25170517,48,7,40.99471057,0.775974386,0.230053468,1
51.95810699,53,8,43.61817944,0.815561648,0.557148282,1
51.68951416,53,8,43.30037322,0.835284286,0.665826863,1
47.88750839,50,7,39.75826267,0.846330394,0.751877236,1
50.01736832,52,8,40.84982289,0.845050186,0.847028405,1
41.89428329,41,7,35.33110981,0.939571408,1.025339371,1
52.96695709,53,8,42.47307999,0.680829708,0.141112253,1
51.90262985,52,8,41.07901369,0.691563415,0.257337836,1
46.1815834,47,7,36.00552047,0.690768045,0.399380673,1
48.15034103,50,7,36.98265071,0.64079151,0.3068109,1
48.89964676,56,0,39.47257319,0.551824193,0.042898171,1
45.76132202,48,7,34.82250846,0.633810816,0.350698463,1
52.33234406,57,8,39.33098977,0.606011934,0.36248445,1
52.54674911,53,7,44.60214439,0.657040094,-0.148317645,1
51.4117012,52,7,43.38792883,0.716116315,0.116374335,1
51.80480576,53,7,42.81815474,0.690682453,0.140417327,1
34.73812485,10,0,39.37787201,1.097808,0.655200837,1
36.63217926,12,0,40.99630665,1.109187193,0.731516739,1
37.73225021,14,0,41.52040618,1.064354691,0.663145774,1
35.07228088,14,0,38.44041779,1.092620187,0.860801765,1
34.60063553,16,0,37.21004136,1.025245508,0.777742118,1
45.8717804,52,0,36.77151951,0.523023216,-0.10484305,1
52.36542511,54,8,44.95786833,0.8282903,0.402730734,1
48.63342667,51,7,41.20465181,0.813240635,0.431371435,1
48.64582443,50,7,40.97101329,0.794032128,0.389931551,1
50.52170181,41,0,49.34385856,0.983682302,0.524249366,1
32.38579559,5,0,45.76691382,1.502712196,1.605567542,1
29.33740234,4,0,41.40414663,1.570907593,2.116630896,1
26.95625687,4,0,37.16781549,1.579708684,2.506575955,1
28.9901886,4,0,38.87358561,1.491507585,2.192371401,1
39.33044434,10,6,44.18768455,1.21654924,0.865165298,1
40.72829819,11,6,45.63764202,1.247103767,1.035962026,1
51.44596863,59,0,40.46325565,0.462446371,-0.251135878,1
37.98450851,11,6,41.68769436,1.215001172,1.029485717,1
41.26892853,17,6,44.80829081,1.241842427,1.213986,1
43.54701233,23,6,46.09673283,1.150587923,0.867673917,1
35.37468719,5,0,44.62110946,1.155226269,0.445221879,1
36.70991516,6,0,44.81254328,1.054779089,0.217517233,1
36.30385208,6,0,43.2849102,1.034551723,0.304006662,1
36.5199852,9,0,43.76144448,1.084228204,0.338672663,1
38.31034851,10,0,45.04120552,1.089076916,0.56603686,1
39.59050369,12,0,45.71328424,1.038708879,0.434644578,1
40.63336563,16,0,45.7906635,0.978208885,0.345227717,1
52.32444382,52,8,43.99520227,0.783450769,0.338982198,1
40.17664337,27,0,41.76047272,0.711649484,-0.493950025,1
45.14304733,45,0,43.84451769,0.567155378,-0.599119448,1
49.19724655,37,0,48.54643567,0.968030769,0.412913673,1
28.57870865,3,0,39.4423887,1.447429672,1.934507488,1
53.69825745,57,6,43.66601367,0.704561231,0.382897542,1
53.69825745,57,6,43.66601367,0.704561231,0.382897542,1
53.69825745,57,6,43.66601367,0.704561231,0.382897542,1
49.17430496,50,7,40.58654996,0.759695265,0.371070516,1
43.3583107,18,0,48.25287771,1.160567354,0.73896751,1
55.94644928,61,0,43.9521914,0.491623524,-0.432757931,1
52.6022377,57,0,41.18017022,0.547486683,-0.257140918,1
60.45171356,63,4,42.9046133,0.942719261,1.834234736,1
59.25227356,62,4,43.1564566,0.951302793,1.698459244,1
63.18287277,67,4,44.4065115,0.812850757,1.437332978,1
57.50777054,63,3,45.14028241,0.956337082,1.783682579,1
57.50777054,63,3,45.14028241,0.956337082,1.783682579,1
52.56641006,54,8,42.50228444,0.754142005,0.507390514,1
57.50777054,63,3,45.14028241,0.956337082,1.783682579,1
53.56098557,60,3,41.41491272,1.036379334,2.332489623,1
52.25691986,59,3,40.94025797,1.027155884,2.266651092,1
50.16391373,57,2,44.13267488,0.629358898,0.073156253,1
41.56925201,48,2,36.56403695,0.685799374,0.485068209,1
43.02410507,48,2,39.03856975,0.765565221,0.576118164,1
56.46252441,59,7,40.19330513,1.050005828,2.282883988,1
50.37512589,47,8,44.02876496,0.909607694,0.700343846,1
47.77451324,51,6,37.03308263,1.148862116,2.626599843,1
51.37551498,54,6,39.82485314,1.194588191,2.795345912,1
49.71016312,56,2,40.43876424,0.800920728,1.311486026,1
51.55768204,57,2,41.75418325,0.84745657,1.462640842,1
53.2481041,56,3,41.10081214,1.002464394,1.841316561,1
52.96427155,57,3,41.23486121,0.982216471,1.784485442,1
37.27768326,26,0,38.37577583,0.898855064,0.479266832,1
43.72873306,9,0,50.98119969,0.863051463,-0.476716707,1
49.96269608,43,6,48.37268551,0.7655155,-0.402379195,1
38.40406418,35,6,33.39192652,0.917219411,0.832989757,1
44.21834946,10,0,51.42788962,0.894747579,-0.350629347,1
43.63991165,10,0,50.37595529,0.899124172,-0.259788767,1
40.13515091,14,8,43.20091482,1.259773939,0.990943482,1
37.82092667,15,7,39.79696485,1.214991986,0.995581602,1
39.92980194,21,6,41.7745756,1.202302659,1.30570603,1
39.51268387,24,6,40.57058714,1.205691416,1.545773581,1
25.07112503,4,0,31.04478695,1.004941684,-0.07448705,1
45.15270615,41,7,39.34229783,0.901256666,0.772710477,1
27.97787094,4,0,33.77356054,0.951171216,-0.153296252,1
25.80083084,4,0,30.2198899,0.868074107,-0.325512362,1
35.93220139,7,0,40.8270293,0.806329327,-0.450390225,1
48.27355194,50,0,41.21215479,0.621867079,-0.320108032,1
46.3285408,49,0,39.28605936,0.641198171,-0.203778121,1
39.25184631,41,0,33.76890854,0.715538307,0.063935945,1
46.57120895,41,6,45.60057793,0.926836265,0.346989282,1
44.08974838,36,6,43.80798715,0.99726718,0.586114806,1
45.03209686,44,4,42.30222393,0.696787376,-0.160326749,1
42.03423691,33,6,42.23581497,1.041777078,0.705873071,1
39.18094254,35,5,38.40485418,0.898062978,0.298605975,1
43.11034012,12,0,49.62843051,0.995582279,0.316497262,1
39.50534058,11,0,45.7130565,1.070889681,0.72358245,1
41.27335739,20,0,46.18469859,1.039591881,0.835542027,1
33.85571289,19,0,37.15101193,0.970113911,0.703263438,1
33.59484863,19,0,37.52554833,1.108173293,1.231450468,1
54.03749847,55,0,49.75577222,0.688164413,-0.113779239,1
39.49226761,7,0,48.2379413,1.082516162,0.351211051,1
40.70421982,8,0,48.48412815,1.03580805,0.324175212,1
36.21522903,6,0,42.9338386,1.070773811,0.655958397,1
45.71245193,46,6,42.79843786,0.933742125,0.549298983,1
49.95606995,50,0,46.31925432,0.89997986,0.447917162,1
46.93369675,50,0,42.54379577,0.864623798,0.473175213,1
35.31893158,6,0,41.80004184,1.086769607,0.678152591,1
40.3217659,8,0,47.40907702,1.153547185,1.066749054,1
49.15048218,54,0,44.13614191,0.657698839,-0.061724018,1
37.15473175,9,0,43.65994349,1.196997137,1.335190961,1
44.64669037,26,7,46.06556719,1.045332084,0.556943049,1
43.40519714,29,6,43.53037981,1.03557495,0.720709366,1
37.40586472,26,5,37.17057048,1.069162104,1.0066689,1
39.30043411,32,6,38.98917355,1.138757602,1.284380603,1
40.95431137,34,6,40.56782945,1.120644479,1.217624129,1
40.84542084,41,5,39.41623005,1.055320914,1.181332838,1
51.08225632,57,0,44.42938233,0.631134319,0.014523732,1
45.39145279,28,7,46.79740311,1.090882938,0.573774487,1
45.93832397,34,7,46.71280446,1.183846832,1.075098565,1
47.26026535,37,7,47.7396507,1.158591997,1.018512541,1
39.7140274,13,0,44.14099911,0.971425346,0.416379298,1
42.06117249,17,0,46.48471733,1.025658638,0.714419225,1
41.9118576,18,0,46.0454628,1.035046314,0.855200075,1
42.37802505,24,0,46.24891009,0.792511457,-0.412955901,1
35.30112076,17,0,39.01398342,0.862488951,-0.144392505,1
47.42263412,47,0,41.50041405,0.976189682,0.814629391,1
45.12991333,33,0,48.17753962,0.820637581,-0.096354138,1
47.43770981,45,0,49.52465071,0.806559257,0.147531896,1
44.57462311,38,0,46.63706557,0.811056211,0.170176828,1
49.87184525,55,0,42.10013187,0.520447587,-0.390416493,1
48.26780701,56,0,39.68309316,0.455601732,-0.355616893,1
42.91683197,49,0,35.65282335,0.50331886,-0.163676022,1
45.06388092,42,7,42.90541294,0.957594974,0.485571239,1
53.30898666,55,0,46.12600216,0.865782313,0.460880205,1
39.28245544,37,6,37.28961379,0.989802669,0.710305801,1
38.8601532,18,0,44.17993933,1.069045424,0.602798852,1
38.42673874,19,0,43.59485356,1.126796922,0.913513069,1
36.17863083,22,0,40.08922497,1.117731427,1.127221181,1
37.26033783,9,0,45.24151325,1.11651363,0.383096782,1
39.93910217,10,0,46.97393814,1.070811366,0.455350802,1
32.79735947,5,0,42.82297647,1.365305103,1.407490603,1
31.95537567,5,0,42.73921317,1.463500182,1.772323964,1
53.11842728,56,0,44.26841458,0.764671975,0.30101647,1
50.17657852,61,0,40.61356526,0.387028685,-0.535135086,1
36.54433441,11,0,41.41243591,0.961738998,0.072716035,1
33.31665802,10,0,38.13139176,1.020397858,0.344795352,1
40.06320953,15,0,44.92394954,0.976325303,0.263475437,1
40.98130035,19,0,44.88186152,0.896822642,0.119578823,1
34.99628067,17,0,38.3735175,0.936056279,0.298474646,1
41.0740509,22,0,44.1806791,0.864277048,0.191973607,1
53.00996399,58,0,43.14272114,0.683098707,0.211655009,1
35.69119644,12,0,40.44373261,0.893884075,-0.173480421,1
35.58297348,18,0,38.84173973,0.806794651,-0.305883201,1
42.98707581,27,0,46.22913101,0.778854463,-0.29973637,1
47.20198059,35,0,49.78244546,0.768307863,-0.094766792,1
40.14962006,13,0,44.16430718,0.780426,-0.436616748,1
38.82176971,16,0,41.8413226,0.749994335,-0.387754387,1
30.35000229,7,0,40.27711815,1.46534903,1.654215124,1
32.35624695,7,0,40.04120015,1.18143663,0.583470405,1
49.83147049,48,6,47.25047026,0.751952289,-0.319419865,1
52.35886765,56,0,42.2269844,0.676147332,0.223566411,1
32.69196701,8,0,38.83579987,1.08881807,0.44600467,1
42.38789749,33,0,40.31447833,0.968525507,0.685845341,1
39.34812546,31,0,37.38186151,1.007126852,0.889088859,1
38.99950027,31,0,36.73057193,1.032958194,0.989651176,1
40.86399078,33,0,38.69665423,1.031240451,0.895046139,1
42.61505508,37,0,39.78595628,1.000845725,0.921910091,1
41.61618805,40,0,38.06491252,0.942952145,0.91310555,1
51.07335281,53,6,34.60509222,1.066405553,2.44717585,1
41.99942017,40,0,37.39807294,0.818949982,0.526472921,1
47.10553741,44,0,42.02763975,0.809520891,0.442471531,1
37.4063797,19,0,40.21641041,0.764384504,-0.47245717,1
44.54823303,31,0,46.46617431,0.718690329,-0.405256601,1
40.53237534,33,0,41.77808743,0.713302246,-0.260477816,1
42.96081924,33,0,44.49092235,0.74181196,-0.156373718,1
41.75867462,9,0,49.6183377,0.998074095,0.073758667,1
42.12567902,9,0,48.72845239,0.933957063,0.01725656,1
50.78635406,51,6,35.32517859,1.119198238,2.530355261,1
42.14090729,8,0,48.55572255,0.936830984,0.084811104,1
35.73819351,5,0,46.56385099,1.200768153,0.426849709,1
40.4208107,7,0,49.59771586,1.075312979,0.243433776,1
42.06246567,9,0,49.00274534,1.006990683,0.386468696,1
36.84098053,8,0,43.08628452,1.177187333,1.358525095,1
36.16212463,7,0,42.12383614,1.175905958,1.508323064,1
56.1512146,62,0,49.50587474,0.647425166,-0.254259097,1
48.93645859,48,7,34.78408057,1.193564529,2.724987709,1
52.70612335,55,0,47.67087675,0.801787536,0.180204903,1
52.34756088,53,0,47.82601584,0.820537101,0.178355404,1
50.23503113,57,0,44.56683676,0.72045705,0.087064312,1
37.26958084,8,0,45.98489057,1.092401895,0.156997636,1
33.40219116,7,0,40.75713151,1.049122511,0.029083008,1
38.44999313,8,0,46.26081278,1.004720852,-0.043300989,1
35.4419899,10,0,40.65419633,0.895924306,-0.19953613,1
34.24082565,15,0,37.71684848,0.847293457,-0.130939689,1
53.94615555,52,6,37.55068601,1.179348474,2.689268002,1
40.3907547,15,0,45.1362981,0.941485686,0.23292965,1
46.92936707,49,6,35.24186841,0.601973448,0.074896509,1
52.43285751,56,7,37.90799217,0.535950447,0.028710318,1
53.991745,58,8,38.11662126,0.519188773,0.132600568,1
48.17907715,52,7,32.91149706,0.519030806,0.349730671,1
64.67166519,72,0,41.80486776,-0.077734981,-1.190171849,1
64.9056778,72,0,41.56022832,-0.076541413,-1.191859997,1
53.80760956,54,7,37.56878117,1.116028369,2.554318656,1
76.03934097,85,0,47.79281196,-0.121079845,-1.195734787,1
54.91175842,54,0,47.58839835,0.696542202,-0.106715942,1
54.91175842,54,0,47.58839835,0.696542202,-0.106715942,1
33.99252319,30,7,28.81866994,1.139125406,1.505800868,1
49.30633545,44,9,40.85658283,1.026663706,1.097638308,1
49.07249832,44,9,40.0860075,0.986343251,1.043770045,1
31.4005394,27,8,22.99457111,0.581431236,-0.047419893,1
43.93729401,40,11,31.70178727,0.507690008,-0.328813029,1
53.15966797,56,9,38.67478184,0.640798902,0.550240906,1
49.98450089,49,8,43.90784123,0.901578777,0.702961719,1
48.64302444,50,7,41.06824989,0.818068464,0.675429131,1
48.31090927,58,0,36.11752416,0.252537759,-0.306896982,1
46.00214005,55,0,33.36941469,0.221969023,-0.253297555,1
44.64592361,53,0,31.19421314,0.212036908,-0.034059994,1
49.20161057,49,8,38.27550647,0.737986652,0.53155207,1
48.87409973,45,7,46.36247503,0.896751912,0.255521613,1
49.86517334,49,7,42.05780287,0.797041864,0.231846183,1
42.43306351,45,0,36.28172553,0.629901168,0.113750128,1
39.09091949,40,6,33.89120102,0.729273712,0.359831775,1
35.97940826,36,0,31.24013741,0.755552321,0.481771898,1
51.7633667,53,7,42.88884995,1.156803587,2.134465728,1
56.34056091,62,0,43.96425122,0.543474647,-0.245479138,1
51.71201706,58,0,44.18571761,0.737817189,0.372809032,1
47.8503418,44,0,43.03586416,1.019918207,1.001668971,1
54.56552505,58,8,39.46989774,0.645218967,0.378854942,1
51.99922943,52,8,43.0570195,0.77014352,0.178559143,1
51.81737518,55,7,37.23526995,0.653991027,0.48931095,1
48.12769699,46,0,42.74414524,1.00876691,1.060998082,1
39.26525497,42,4,33.62999683,0.919528897,1.109095132,1
41.79441833,44,0,35.51248426,0.933483388,1.274479932,1
54.30415726,63,0,47.368479,0.560092179,-0.312414073,1
48.46255112,56,0,42.39902242,0.602092946,-0.164228487,1
49.12817383,56,0,43.3902152,0.648149797,-0.05583054,1
57.13327789,57,8,46.66787808,0.760309425,0.20837887,1
47.69965363,51,0,42.93184293,0.804648083,0.416290645,1
43.15407944,15,0,48.9370916,0.911930956,0.029889399,1
44.13022614,17,0,49.5962975,0.882379529,-0.046055877,1
40.70890427,25,0,44.14040937,0.854011919,0.275764876,1
32.54129791,21,0,35.49204761,0.935264897,0.720810466,1
35.88905716,23,0,38.9450841,0.92310125,0.695843584,1
43.27239227,28,6,43.72251916,0.931419433,0.15264107,1
42.2238884,33,6,41.37670594,0.904373476,0.195072624,1
48.7114296,48,6,46.25734506,0.796337847,-0.129605056,1
57.95187378,60,8,46.16024264,0.717144003,0.193938873,1
39.00350571,36,5,37.6470245,0.926758999,0.46103866,1
37.37499237,36,5,36.03320834,1.037268443,1.03906726,1
39.76105118,42,5,37.78188617,1.038980863,1.220489076,1
43.95635986,42,6,41.27167837,0.808412057,0.050619079,1
44.38350677,46,6,41.64669668,0.837711535,0.195140004,1
45.89839172,47,0,43.32548012,0.895280958,0.385369525,1
40.71604919,27,6,41.72232371,1.027625824,0.634320397,1
59.65256882,60,8,47.6531036,0.741738711,0.248779348,1
36.46188736,22,5,37.74349208,1.111969195,1.007284108,1
34.13946915,22,5,35.38954655,1.179312873,1.281285328,1
44.66700745,48,0,38.58573663,1.209947363,2.631969675,1
40.31632996,45,0,34.27321026,1.193515647,3.070975309,1
42.82540131,20,0,47.16991943,0.825784896,-0.207525181,1
43.76959991,29,0,46.34453881,0.783845941,-0.101664515,1
44.08273315,40,0,45.28112143,0.698328965,-0.159314957,1
45.42410278,51,0,38.95518755,0.609635537,-0.18616967,1
47.44870377,38,0,44.68608482,1.000249911,0.724286536,1
49.62994003,55,0,43.02843457,0.663959267,-0.0411322,1
49.13367844,53,0,42.87436271,0.758905438,0.233754989,1
47.25992966,41,0,44.22318251,0.834772189,0.075547062,1
44.75790024,43,0,41.30572593,0.828239423,0.292468867,1
41.99988556,41,0,38.76519231,0.85085508,0.399641344,1
38.67498779,34,6,36.47937416,0.994828408,0.821387586,1
46.98009872,37,0,44.21377612,1.051342203,0.870968545,1
49.44702148,43,0,44.58966248,0.892362537,0.483494497,1
44.03386688,37,0,39.45211794,0.956017565,0.77616186,1
49.09445572,46,0,41.69701473,0.805749022,0.554151395,1
43.95642471,41,0,37.28354426,0.895543037,0.973199284,1
46.52601242,44,0,38.76585431,0.798307069,0.64816631,1
42.40246964,39,0,35.02613174,0.815136061,0.740801292,1
43.4734993,22,7,45.50456969,1.111677598,0.801153633,1
53.67881775,51,0,48.72540562,0.702896369,-0.143530985,1
55.52702713,55,0,49.79134627,0.679611585,-0.13433835,1
54.40438461,56,0,47.66560733,0.645059385,-0.134644081,1
56.96331787,58,0,49.37604127,0.626561628,-0.149485937,1
57.11920166,59,0,48.5159762,0.610535091,-0.106679179,1
53.5328598,56,7,42.72976692,0.650729248,0.102863118,1
51.34592438,56,7,40.35507773,0.662328053,0.300027729,1
53.5873909,59,7,41.12688101,0.646257654,0.404423526,1
48.43870544,50,0,42.16895295,0.755615885,0.232636123,1
48.81126785,52,0,41.9343847,0.72654297,0.199817266,1
44.17464447,39,8,37.55329772,0.999118961,1.163226041,1
48.58364487,43,9,40.69301163,0.948171858,1.053628982,1
45.5478363,40,8,37.88928206,0.933175129,1.063430477,1
59.48282623,61,0,46.17306399,0.550363735,-0.073972332,1
54.76318741,56,0,42.6465778,0.600458993,0.053424634,1
58.76423264,61,0,43.97197036,0.526771054,0.077691281,1
37.94796371,10,0,44.92166878,1.095313569,0.583208954,1
60.91737366,64,0,44.41557552,0.531412011,0.240793426,1
55.49451447,57,0,40.79707669,0.607219797,0.389483647,1
48.46511459,50,0,41.11896194,0.795775899,0.497456234,1
57.88982391,60,0,46.99912025,0.678362648,0.241035075,1
56.19472504,57,0,45.89266046,0.774843156,0.570884534,1
56.03474045,58,0,45.39877044,0.682109741,0.312456076,1
39.23398972,12,0,45.59558295,1.044397676,0.449680367,1
53.87422943,56,0,43.99798845,0.756428871,0.618478369,1
57.96311569,62,0,43.99524092,0.54600217,0.068989649,1
55.72799301,62,0,41.19113396,0.433458957,-0.062673755,1
57.72643661,64,0,41.87803994,0.421502817,0.069303595,1
49.35828781,55,0,35.42734602,0.447952689,0.219078157,1
47.78044891,47,7,40.97872959,0.778475127,0.235368196,1
51.19447708,52,8,43.30041487,0.834380881,0.661527326,1
47.38228607,49,7,39.74370893,0.849201872,0.763283698,1
49.55535507,52,7,40.81848254,0.847128198,0.853833168,1
52.43832779,52,7,42.49335073,0.680378499,0.139352705,1
51.39689636,52,7,41.1068844,0.689852388,0.253502747,1
45.68938446,47,6,36.00460107,0.691469945,0.401140931,1
45.27539063,48,6,34.78910225,0.636248319,0.354056546,1
51.82550812,56,7,39.33369514,0.605337502,0.357250526,1
49.4573822,49,6,42.7782923,0.689725566,-0.081711468,1
50.94766617,52,6,43.34783767,0.717571913,0.120424469,1
51.32709122,53,6,42.79919702,0.690332356,0.137542573,1
52.68426895,53,7,44.06609032,0.728528113,0.259215536,1
36.24951172,11,0,40.90680924,1.115455889,0.748601055,1
37.36122894,14,0,41.41480407,1.070824186,0.681655651,1
34.68169022,14,0,38.3494651,1.100573789,0.882094516,1
39.82503128,26,0,41.62130903,0.718361965,-0.481292327,1
51.89647293,53,7,44.941444,0.827218084,0.399350037,1
48.15304947,51,7,41.17154064,0.814961363,0.435272689,1
48.1518364,50,7,40.96457516,0.795479118,0.392952481,1
48.41346359,49,7,41.11625114,0.794750911,0.431593781,1
48.72200012,49,7,41.375825,0.791221698,0.404641616,1
51.99726868,51,0,44.88912614,0.827194288,0.538376664,1
46.8262558,41,0,47.14414304,0.625440984,-0.599905592,1
51.55320358,53,0,42.47609667,0.726728937,0.414494266,1
52.9791069,57,0,41.96169062,0.624848367,0.325461916,1
47.05331039,47,0,42.04540296,0.785517792,0.245698194,1
50.40156937,49,0,43.89983272,0.733249987,0.177698774,1
53.65812683,53,0,46.03278275,0.668430671,0.03757706,1
48.4515686,56,0,39.41715114,0.555987149,0.047907362,1
51.00438309,58,0,40.40376565,0.466255311,-0.245170692,1
44.78268814,45,0,43.68666503,0.572226976,-0.591315138,1
51.82201385,52,7,43.98971513,0.782549324,0.336940165,1
48.70923996,49,7,40.55765052,0.762277876,0.377702737,1
49.89977264,46,8,43.98324269,0.913291215,0.710661302,1
37.90558243,35,6,33.37402057,0.917858051,0.83472064,1
44.65233612,41,7,39.32863727,0.902374554,0.774488662,1
53.5724411,55,0,49.70846926,0.689523669,-0.113386425,1
48.69155502,53,0,44.09824972,0.659959471,-0.059794344,1
50.62118912,56,0,44.38864708,0.632585608,0.015453464,1
52.85763931,54,0,46.05894211,0.869446388,0.465977799,1
52.65698242,55,0,44.20291494,0.769006741,0.307470711,1
52.57615662,57,0,43.0825007,0.686306664,0.215702073,1
62.87724686,68,6,40.64624195,0.680253902,1.036888771,1
51.88837433,56,67,33.74205927,0.70240881,1.08609559,1
46.06360626,49,58,30.65184031,0.740977391,1.073294616,1
50.07618332,40,0,49.28959766,0.987163772,0.532573145,1
50.30218506,51,6,35.30500172,1.120981704,2.533200882,1
48.44433212,47,6,34.76508403,1.196276811,2.73435666,1
53.46548462,51,6,37.55728432,1.181303227,2.698807569,1
52.05592728,53,6,36.94280705,1.08199298,2.312526623,1
54.78039551,56,6,38.04577348,1.032114738,2.097087757,1
54.98187637,61,6,37.47324958,0.777558684,1.715618453,1
46.44937134,49,6,33.1771431,0.957109239,2.175512729,1
38.52177048,27,5,39.2514096,0.980309749,0.587005187,1
46.66313934,48,5,32.90147403,0.908220378,1.899329114,1
48.81463242,54,5,33.42826139,0.826429269,2.027215482,1
59.17998886,69,2,44.65542115,0.351611022,0.026597693,1
57.81521988,66,2,43.47732034,0.406251876,0.202485444,1
54.57892609,63,2,41.00194019,0.430668432,0.320879116,1
57.83721161,64,2,43.62550215,0.520960699,0.508591499,1
53.72924042,60,2,41.36992621,0.591828616,0.64885491,1
42.22135544,33,5,42.4597676,0.982242304,0.693282288,1
53.71518707,61,2,40.58279919,0.48651718,0.494837956,1
47.44064713,50,5,36.34428711,1.106803223,2.329424124,1
44.91117477,44,5,34.67769894,1.073700763,1.865775938,1
48.83669281,50,6,37.07092369,1.086218961,2.374039426,1
49.88909912,52,6,36.44162094,1.045784903,2.224812967,1
48.63776779,50,5,35.80169773,1.1403678,2.566649052,1
47.32227325,48,6,35.18884739,1.128387949,2.538669455,1
51.48254395,54,6,40.36588877,1.040797539,1.780187785,1
50.44924927,52,6,39.50558842,1.058369037,1.861214487,1
50.94295502,52,6,40.66958749,1.095714994,1.864153359,1
50.20734024,53,6,39.95230967,1.057322476,1.889714208,1
63.14653015,68,0,38.08863449,0.456751617,0.874203629,1
60.37054443,65,0,36.66000572,0.398709132,0.496792457,1
40.69305038,8,0,47.07673575,0.966117536,0.380184499,1
59.1683197,64,0,37.59535489,0.506340848,0.70082242,1
58.89358521,64,0,36.7506535,0.48625765,0.781166075,1
59.39387131,69,3,42.46923735,0.423830069,0.440383558,1
57.29365921,62,3,42.1557908,0.694918361,1.141167012,1
55.57598114,62,2,40.13400807,0.61317151,1.084278264,1
57.07088852,65,3,41.55192625,0.611907805,1.073829347,1
35.77266693,6,0,41.501687,1.040193834,0.819551158,1
54.37677765,59,6,33.38983234,0.667335025,1.725188346,1
50.67880249,53,6,31.8520851,0.839800568,2.258322693,1
49.56378174,50,6,31.56078079,0.879971268,2.010947208,1
50.75450134,55,6,31.67202993,0.6818474,1.776492864,1
37.51282501,34,5,29.56592686,1.440906651,3.983146207,1
35.93360901,33,5,28.53207697,1.622906099,4.942151084,1
62.7294693,68,4,39.04003057,0.31350931,0.543652829,1
62.19246292,67,0,39.12018781,0.348990226,0.536131191,1
62.24869919,67,5,39.19409227,0.369033283,0.614936774,1
58.53811264,64,4,44.53422898,0.658442207,0.661207797,1
52.87034988,57,3,40.42059523,0.70726501,0.823046924,1
59.59192276,63,4,45.58044017,0.6953367,0.691036145,1
63.45227814,69,4,40.90122732,0.480715703,0.901716053,1
65.68511963,72,4,40.42863848,0.426103529,0.943865438,1
37.398983,6,0,43.41786055,1.077273825,1.056881045,1
63.37003708,69,4,39.20160896,0.427604513,0.894187151,1
52.89680481,55,6,40.78940948,1.027257368,1.652773784,1
50.36699295,52,6,39.34387267,1.046211085,1.693937097,1
49.07494736,50,6,38.6122553,1.042751109,1.590327531,1
50.01931381,53,6,37.33865055,1.034322252,2.353103725,1
47.5096817,49,6,36.01640483,1.151056783,2.672920726,1
48.37516403,50,6,36.54962123,1.087885207,2.529826473,1
57.0656929,60,5,42.8633964,0.751512927,0.645125466,1
46.01927185,48,4,34.48806184,0.767375973,0.775318474,1
43.62436676,43,4,32.92897548,0.777045567,0.591090221,1
55.4997673,60,0,43.89376152,0.493793322,-0.43259184,1
52.1373558,56,0,41.14854593,0.54955449,-0.257621606,1
55.87646866,61,0,43.90568416,0.547927344,-0.240943646,1
49.13441467,51,0,43.50348394,0.897111884,0.727630173,1
47.41524506,43.5,0,42.99148453,1.022779437,1.007675599,1
48.32922745,49,4,42.086366,0.943645019,1.337013243,1
45.22326279,43,3,40.41005147,1.089696035,1.817668799,1
44.42632294,40,3,39.75716,1.115182052,1.610582646,1
30.1658287,8,0,35.49567464,1.204153096,1.304352035,1
44.50983047,44,4,39.55972838,1.095012989,2.099986949,1
51.8432579,57,7,40.68626234,1.046560183,2.060553811,1
49.19894409,52,6,39.27079944,1.066674856,1.984401677,1
48.06311417,48,6,39.97471376,1.167442892,2.065327691,1
51.30498123,53,7,42.82342827,1.160984761,2.1446421,1
61.29315567,67,3,42.90236057,0.788695505,1.49986875,1
62.67863464,66,4,44.40275281,0.811078061,1.429290926,1
58.75992966,62,4,43.14033323,0.951321645,1.695656569,1
31.25673676,11,0,36.64478895,1.251547406,1.640786575,1
50.98705673,55,3,36.98166115,0.855442896,1.580630051,1
54.40709305,58,2,43.96761202,1.069558813,2.065138627,1
52.10146332,56,2,40.81730594,1.01327126,2.089093104,1
53.07539749,59,2,41.40204268,1.036951083,2.333294481,1
45.83047485,48,6,34.39407088,0.646700401,0.232339722,1
54.05581284,57,7,39.48483538,0.644004969,0.374953304,1
51.32775879,55,7,37.2067107,0.655340714,0.491759438,1
47.68027878,45,0,42.69273602,1.013443448,1.069992936,1
49.66049576,56,2,44.13136377,0.629600485,0.075362435,1
38.82942581,41,0,33.58702023,0.924555023,1.119286644,1
41.34922409,44,4,35.45095826,0.939512302,1.288399554,1
47.13523102,54,0,41.8542646,0.582914468,-0.288201506,1
48.01646042,55,0,42.33435432,0.606006465,-0.157185904,1
48.67458344,55,0,43.31789357,0.651221663,-0.051333344,1
46.72715759,49,0,42.2730183,0.7473981,0.1848173,1
40.16199112,45,1,35.88009799,0.732267769,0.605091782,1
50.44151306,57,0,45.20088596,0.767295965,0.330552505,1
42.77687454,14,0,48.82609246,0.916169456,0.040343982,1
43.76419067,17,0,49.47525682,0.886503082,-0.035333119,1
40.33592606,25,0,44.03641915,0.860620491,0.294915704,1
32.18321228,21,0,35.35917966,0.944462799,0.751382805,1
35.52687836,23,0,38.83313838,0.929947902,0.717815245,1
42.84359741,27,6,43.67737317,0.933757898,0.156455024,1
41.084095,47,1,36.52869213,0.687220647,0.487121268,1
30.32965851,12,0,35.20739821,1.257292177,1.763005296,1
41.76536942,32,6,41.32167233,0.907207305,0.199400765,1
38.53264618,35,5,37.60794962,0.929299228,0.464767127,1
36.91571808,35,5,36.0043096,1.040476068,1.046317732,1
39.29385376,41,5,37.73595252,1.041429786,1.226443215,1
43.50343323,42,6,41.20876054,0.811523611,0.055166733,1
43.9265213,46,6,41.60210885,0.839773335,0.197307193,1
45.4655838,46,6,43.26628166,0.897934789,0.390016958,1
40.23249817,26,5,41.69646451,1.028962353,0.633120261,1
36.01268005,22,5,37.68761397,1.114428667,1.013974941,1
33.68645477,21,5,35.35901771,1.18132742,1.284486106,1
32.10466385,21,4,33.58964974,1.177588432,1.29415252,1
45.39616394,52,0,39.27710296,1.190463934,2.809524796,1
39.86686707,44,0,34.22495561,1.203814945,3.10334214,1
42.44884491,19,0,47.05317075,0.831038528,-0.194938862,1
41.38333893,37,0,43.01214775,0.724403502,-0.14190279,1
43.72225571,40,0,45.16361622,0.704296304,-0.144276405,1
44.95589066,50,0,38.90864412,0.612814025,-0.182834825,1
43.29754639,49,0,37.82580329,0.710347314,0.102661645,1
48.6813736,53,0,42.81789822,0.762932367,0.241663633,1
46.83021927,40,0,44.16896968,0.837359265,0.080040202,1
41.5408783,40,6,38.71255663,0.8546341,0.409265323,1
55.10455322,59,6,38.87339247,1.0256692,2.475343608,1
35.3367424,32,5,33.52616641,0.936909567,0.679206179,1
38.20112991,33,0,36.45615871,0.997918822,0.82737531,1
38.25130081,5,0,49.60483093,1.231376093,0.875147575,1
36.48309708,4,0,46.98297659,1.217269385,0.846720635,1
35.50892639,7,0,44.38528895,1.201337994,0.671505901,1
39.94135666,24,0,42.31714894,0.874173368,-0.099501709,1
39.05812836,24,0,40.86925213,0.820942864,-0.187817424,1
55.95734024,59,6,40.19594569,1.049002788,2.280076618,1
38.69836044,25,0,40.22610292,0.822303215,-0.094342748,1
57.11322403,38,0,58.14278149,0.837327393,-0.466783565,1
53.87378693,42,6,53.32287189,0.747920675,-0.557371429,1
49.49184418,42,6,48.33933099,0.766531019,-0.401430098,1
48.25497055,48,6,46.2041006,0.79888399,-0.125010033,1
47.16950989,47,6,45.33599639,0.887800673,0.238374303,1
43.01725006,22,6,45.45019027,1.113799271,0.804341962,1
54.20077133,60,5,37.63043976,0.875559598,1.838474686,1
40.09157181,30,5,40.28659795,1.039837462,0.930289389,1
39.50667572,32,5,39.09013292,1.014456881,0.988386777,1
45.85256958,48,5,43.28760715,0.873876113,0.339435121,1
46.96536255,45,5,45.36326382,0.9992333,0.663391187,1
46.16665268,44,5,44.79844492,1.032020297,0.773912037,1
32.02681351,4,0,45.65352128,1.507901356,1.62214443,1
26.60411835,4,0,37.04284076,1.587253874,2.533759923,1
28.67893219,4,0,38.74228207,1.500506625,2.228336788,1
38.86827469,10,6,44.14546971,1.217671515,0.865653772,1
47.28061676,50,5,37.03088519,1.150764568,2.632696135,1
51.04587555,54,6,39.77863409,1.188944432,2.773174633,1
49.22764969,56,2,40.42895057,0.803322563,1.320222646,1
51.06994629,57,2,41.73652822,0.849730327,1.468752964,1
52.76102066,55,3,41.07475099,1.004528901,1.848126416,1
52.47330093,56,3,41.2420736,0.983554575,1.788588023,1
53.01906967,59,3,41.41047386,0.844875706,1.305947361,1
28.68504715,17,0,30.67968101,0.999015603,0.694456658,1
36.91266251,25,0,38.24147305,0.907333669,0.502834781,1
43.85046005,10,0,51.31334441,0.898498598,-0.343206609,1
51.45322418,60,0,37.91410076,0.424142281,-0.049437916,1
43.91471863,11,0,51.22848176,0.892581416,-0.343700507,1
43.27153778,10,0,50.2547737,0.902841915,-0.252541336,1
37.38399887,15,7,39.7448284,1.218547835,1.003986046,1
42.8776741,21,0,44.86008779,1.208396093,1.077031422,1
37.5055275,23,6,38.34432732,1.166127104,1.130071056,1
39.06446457,24,6,40.53369611,1.208624297,1.554203821,1
24.69589996,3,0,30.924076,1.011701305,-0.055875919,1
50.22794342,59,0,37.67948803,0.524253381,0.218405032,1
29.97215271,4,0,36.91585172,0.959358866,-0.234720196,1
25.44300842,3,0,30.09275317,0.873321194,-0.312126942,1
35.53485489,6,0,40.74039199,0.80998108,-0.443859859,1
33.37962341,7,0,37.6510327,0.802714957,-0.30260234,1
45.88384247,48,0,39.2300252,0.643138318,-0.202623342,1
38.79297256,41,0,33.70896912,0.720501694,0.070014971,1
45.60916138,52,0,35.12370565,0.643911895,0.447632901,1
44.41407776,40,5,43.86043238,0.924553386,0.344751211,1
43.62132263,36,5,43.78271976,0.999342165,0.589101052,1
41.57527924,32,5,42.20024549,1.043924233,0.710738367,1
44.60933304,36,6,45.0493664,1.051785977,0.69048665,1
42.74070358,11,0,49.51214712,1.000671846,0.329531188,1
39.15021133,10,0,45.5980999,1.07623169,0.740542469,1
40.20246124,12,0,45.97687557,1.011361642,0.605844841,1
33.49804688,19,0,37.02436897,0.977425776,0.726523534,1
33.21999359,18,0,37.40227873,1.117112452,1.262966573,1
31.88009262,18,0,35.36903131,1.079035348,1.31240366,1
39.13792419,6,0,48.10336314,1.087201379,0.362531899,1
40.34269714,7,0,48.36045486,1.040912691,0.338195699,1
35.86211014,6,0,42.80372406,1.076406212,0.673729458,1
31.14517593,5,0,37.78776824,1.162720809,1.095475923,1
45.24324036,46,0,42.76478607,0.936949181,0.55500076,1
49.52677155,50,0,46.25791386,0.901795471,0.450282098,1
35.91064453,5,0,44.32660363,1.136781373,0.541296526,1
34.96144485,5,0,41.68502683,1.093364553,0.698382441,1
39.95315552,7,0,47.30880851,1.160686595,1.090595243,1
47.02735138,20,6,49.60345444,1.013136498,0.293916637,1
39.39825439,14,0,45.56978748,1.113978758,0.504099365,1
44.20651627,25,6,46.02245856,1.047942479,0.562107975,1
42.9420433,29,6,43.5128675,1.037461329,0.724099307,1
38.78526688,29,5,39.29237894,1.148963247,1.27451034,1
38.82994461,31,5,38.96771352,1.141285782,1.288582487,1
40.47802734,34,5,40.53940866,1.122867167,1.221786583,1
40.28595352,42,5,38.92253281,1.019923856,1.138892056,1
42.52644348,45,5,40.93136307,0.911488386,0.823244663,1
36.69355774,14,0,41.92531844,1.125445678,0.685570981,1
44.95339966,28,7,46.75179164,1.094471961,0.582448403,1
46.76382065,34,7,48.06971234,1.168185832,0.999955271,1
47.12731171,35,7,48.4713262,1.205213998,1.168385683,1
45.48147202,34,6,46.68499161,1.186783553,1.082934559,1
44.93105316,35,6,45.70109554,1.174085296,1.172074999,1
45.09608078,36,6,45.5323459,1.139288569,1.179117555,1
38.99134827,10,0,44.59059147,1.006646914,0.381708251,1
36.19888306,15,0,40.5826938,1.088701501,0.653171393,1
41.7040863,17,0,46.34490415,1.032126927,0.73305221,1
41.55396271,17,0,45.90589296,1.043143353,0.881791997,1
37.56677246,24,0,40.46686391,0.715671765,-0.596361734,1
42.03065872,23,0,46.11134085,0.797649309,-0.402818143,1
34.93059158,17,0,38.91015175,0.867395561,-0.135584492,1
44.78586197,33,0,48.03623693,0.826825537,-0.082094745,1
47.07949448,44,0,49.38808453,0.812642899,0.163992553,1
37.50621414,11,5,41.66075472,1.217056303,1.032727445,1
44.21844864,37,0,46.49139823,0.818212584,0.190516364,1
51.60208511,54,0,44.65331091,0.545166345,-0.469138903,1
45.89274216,52,0,38.50044207,0.490762474,-0.369989744,1
47.81727219,55,0,39.63043629,0.45848353,-0.353047732,1
42.46845245,48,0,35.6165655,0.506904524,-0.158593173,1
41.98438644,45,0,36.23382455,0.633901091,0.12150066,1
38.62275696,40,0,33.85047006,0.732522804,0.365312693,1
47.6287117,51,7,34.81074676,0.697578727,0.648115783,1
35.52299881,36,5,31.20330223,0.760749926,0.49305618,1
48.51840973,45,7,46.26459216,0.90070976,0.264888874,1
44.6172142,42,6,42.84643388,0.960929684,0.491367481,1
43.72766495,41,6,42.02637801,0.976697486,0.585802275,1
38.5060997,17,0,44.0510188,1.075909429,0.621700268,1
38.07371521,18,0,43.46400916,1.134366817,0.935883121,1
40.97275543,25,0,45.43031078,1.035924,0.682777989,1
46.10816956,41,7,40.25888213,0.970255362,0.791614468,1
36.88728714,8,0,45.13199706,1.122433905,0.398828697,1
39.57865143,9,0,46.84927315,1.075641255,0.467552005,1
35.4685173,5,0,46.20708599,1.233907161,0.677340675,1
31.56824112,4,0,42.66353314,1.468821799,1.789324595,1
49.72112656,60,0,40.55281372,0.390943037,-0.529510373,1
45.12345886,55,0,36.83245673,0.370778251,-0.588739518,1
45.44583511,41,7,39.40878788,0.987696148,0.952626956,1
36.19263458,11,0,41.28361031,0.968199235,0.087980402,1
32.95170975,9,0,38.01882296,1.027128052,0.363183064,1
39.69073868,14,0,44.81768398,0.982391968,0.278537094,1
40.60926056,18,0,44.78339877,0.903093817,0.13613559,1
34.65579987,17,0,38.25103902,0.944535309,0.322334406,1
40.70702744,22,0,44.05604324,0.870596899,0.208763028,1
41.91596222,29,0,44.67070725,0.867220694,0.328846691,1
43.85327148,11,0,50.9412484,0.860869463,-0.475545945,1
45.53343201,11,0,52.90391969,0.873599251,-0.412613358,1
35.33630371,12,0,40.31990783,0.8993855,-0.162498176,1
35.218647,18,0,38.71559352,0.812429507,-0.294599337,1
42.62963104,26,0,46.10091993,0.783605195,-0.289487715,1
46.82524109,34,0,49.65964734,0.772865997,-0.083939306,1
47.36806107,44,7,39.7135215,0.895837396,0.803788054,1
42.09838486,28,0,45.27830141,0.854090751,0.173998782,1
42.72806549,12,0,47.21415784,0.745690601,-0.586066681,1
38.46041107,16,0,41.70296388,0.755373026,-0.37618414,1
41.83963394,28,0,43.72700539,0.684620411,-0.428160495,1
31.58052063,7,0,43.42495359,1.564248344,2.033112303,1
31.97126389,6,0,39.94633663,1.186963983,0.596541819,1
32.3298645,7,0,38.71403458,1.094407894,0.459863295,1
46.81557083,44,7,38.21781617,0.86096738,0.904896145,1
40.68389893,9,0,47.29997882,1.025355862,0.402974104,1
41.9322052,33,0,40.27299369,0.972242066,0.693934937,1
38.88022995,30,0,37.32802427,1.011839317,0.903408023,1
38.55495834,31,0,36.66893397,1.037088639,0.995873256,1
40.41882324,32,0,38.65372239,1.034812177,0.902269184,1
42.17499161,36,0,39.73201799,1.005530058,0.932392345,1
41.158638,39,0,38.01753036,0.945784867,0.916828897,1
41.55080414,40,0,37.34280026,0.822426594,0.531902643,1
46.63386917,44,0,41.98806394,0.812931517,0.449173891,1
37.03503799,19,0,40.09562036,0.769684613,-0.462481209,1
44.18945313,30,0,46.34093016,0.724009685,-0.393951536,1
40.17361832,32,0,41.64531522,0.719116849,-0.247336358,1
42.59122086,33,0,44.35148847,0.74713969,-0.145368463,1
45.82327271,44,7,36.55580454,0.871916803,1.155624153,1
41.39558792,8,0,49.50813674,1.001662791,0.081048866,1
41.74289322,8,0,48.62127084,0.937773547,0.02611864,1
41.76916122,8,0,48.4370908,0.940949679,0.095291349,1
37.81633759,5,0,44.55962703,0.982114505,0.263260757,1
35.36134338,5,0,46.47362928,1.204402526,0.435137136,1
40.04753113,7,0,49.49372476,1.078503326,0.250054864,1
39.61702347,8,0,46.62025743,1.105436837,0.913866413,1
36.45556259,7,0,42.99122354,1.184259615,1.383104066,1
35.78645706,7,0,42.01550039,1.182838336,1.534150503,1
55.70338058,62,0,49.45626783,0.649437709,-0.252023292,1
51.12326813,57,0,45.94462207,0.720265426,-0.029726766,1
52.25175858,55,0,47.62008072,0.804846671,0.186101077,1
49.75589371,56,0,44.53623894,0.721163828,0.086184316,1
39.06017685,7,0,47.78299215,1.01426282,-0.133920663,1
28.23408127,5,0,35.52487445,1.114095993,0.224902495,1
55.79806137,59,8,44.69520884,0.574321115,-0.162706257,1
33.04265213,7,0,40.65106755,1.053953841,0.039203908,1
38.08890152,8,0,46.14608643,1.009350083,-0.033617628,1
35.07853699,9,0,40.53423252,0.900658341,-0.189739529,1
40.03098679,14,0,45.00097033,0.946997075,0.248348651,1
40.82035828,13,0,45.4324344,0.913553046,0.264020779,1
46.45656204,48,6,35.21905119,0.602225321,0.072320862,1
43.8996048,47,7,34.16029058,0.491073804,-0.239108917,1
51.94368362,55,7,37.88985419,0.537596888,0.031464256,1
53.50009155,58,7,38.10024891,0.520121237,0.134113515,1
57.17988205,61,8,39.80363687,0.508988185,0.175470406,1
64.21818542,72,0,41.72813193,-0.073769364,-1.193585132,1
64.44685364,72,0,41.4938574,-0.073111423,-1.195982413,1
63.23512268,71,0,40.48189074,-0.107420354,-1.198163721,1
55.37844086,62,0,34.73461927,-0.160515169,-1.191670087,1
61.00476074,66,9,46.45600139,0.431208183,-0.398492491,1
57.84316254,64,0,35.87319281,-0.113767675,-0.986008727,1
49.13962555,49,0,43.26301659,0.685907511,-0.152766171,1
54.44430542,54,0,47.54003516,0.698540153,-0.105705893,1
59.23399353,60,0,51.37436087,0.655363232,-0.175915335,1
43.14109802,38,8,37.16690817,1.135907525,1.466259667,1
48.78886032,44,9,40.86158801,1.02405987,1.087112076,1
48.62800598,43,8,40.01664924,0.990591505,1.055904405,1
32.36252213,28,9,24.2048654,0.653745413,0.288665541,1
43.45436859,39,11,31.68555489,0.509459514,-0.326728275,1
44.88269043,43,11,31.71855592,0.44626614,-0.361321359,1
49.49960327,49,7,43.90306294,0.902278483,0.704590307,1
48.14185715,50,7,41.08027762,0.817661354,0.675444817,1
47.8730545,58,0,36.06214254,0.257546336,-0.298228389,1
45.54944611,55,0,33.30228639,0.225089675,-0.254445752,1
57.03385925,63,8,42.55693331,0.384986165,-0.4702922,1
44.18781281,52,0,31.1218365,0.217175089,-0.026615515,1
49.65236664,45,0,43.84677547,0.754218691,0.101770753,1
47.89163971,45,0,41.73467398,0.716176674,0.061003485,1
51.91134644,54,9,39.46295117,0.681811331,0.46744443,1
50.90422821,53,8,37.79517827,0.650236169,0.534656924,1
52.65924072,55,9,38.66520296,0.641570137,0.549024365,1
51.17642212,56,0,42.8743484,0.562988127,-0.144428304,1
51.48976517,51,7,43.06051895,0.770367716,0.178680347,1
56.6582489,57,8,46.63837448,0.762049559,0.210888758,1
57.46968079,59,8,46.14563176,0.718412253,0.195849165,1
46.99408722,37,0,44.62984608,1.004391016,0.733086038,1
46.5200386,36,0,44.15368614,1.055433489,0.881371224,1
48.9852562,43,0,44.53384313,0.896584751,0.491977382,1
51.77179337,56,0,42.9269314,0.593103836,0.010443132,1
48.63906097,46,0,41.63737925,0.809687763,0.562341886,1
43.49607849,40,0,37.22974946,0.899651318,0.979549237,1
46.06479263,43,0,38.6994586,0.802945474,0.656807873,1
53.21518326,50,0,48.68109679,0.704343757,-0.142878309,1
55.07535934,54,0,49.74592414,0.681707227,-0.131011294,1
53.95320129,56,0,47.62533056,0.647234589,-0.131416461,1
56.65680695,59,0,48.46982187,0.613116315,-0.102673407,1
56.82796097,61,7,45.55886187,0.6468757,0.133710251,1
53.00800705,56,7,42.74714741,0.649937483,0.099359266,1
53.08720016,58,6,41.18486946,0.639147904,0.388501841,1
45.99991608,46,0,41.12880794,0.782764006,0.211463205,1
47.97978592,50,0,42.1133971,0.758879295,0.237661695,1
53.35821533,58,0,45.62618223,0.682821795,0.079802313,1
51.40790558,56,0,43.61202673,0.700161229,0.201835179,1
54.01545715,59,0,44.7563915,0.651888938,0.177486522,1
50.28945541,47,8,44.69754216,0.923869056,0.817104582,1
47.60120392,45,7,41.9706226,0.900640955,0.768629714,1
48.58404541,47,7,42.46997465,0.899542761,0.816709668,1
43.43394852,42,6,37.43769229,0.854838704,0.691064783,1
47.11040497,46,7,40.32795098,0.877344697,0.852065493,1
42.58351898,33,7,40.7177957,1.067836821,0.759084419,1
51.96074295,55,0,41.80225839,0.544846828,0.013693578,1
50.41317368,44,8,45.73565114,1.021281799,0.882177072,1
49.83598328,43,8,44.64097544,1.006476113,0.942938646,1
51.76925278,46,8,45.7525372,0.948433144,0.754364426,1
52.90074921,54,0,42.54835137,0.771981437,0.372989743,1
51.74934387,53,0,41.05898981,0.741760405,0.377306164,1
48.37841034,50,0,38.07986492,0.73329212,0.476207893,1
53.31533432,54,0,47.96430415,0.671878736,-0.116807902,1
54.04302979,59,0,42.36666719,0.495829189,0.015385586,1
43.11956406,22,6,46.02360143,1.153756396,0.874582161,1
56.70562363,60,0,49.20005296,0.599940529,-0.189346198,1
58.1373024,64,0,48.48683905,0.509463551,-0.292006273,1
52.85883713,58,0,42.75321713,0.504486248,-0.122230942,1
54.25346756,60,0,42.41138354,0.438858023,-0.205585047,1
49.63182449,57,0,38.23908165,0.473105035,0.121013907,1
49.63269424,48,8,42.48658802,0.666367532,-0.113791168,1
51.20570374,50,8,43.26797992,0.652726392,-0.096507775,1
53.21809006,59,0,41.07159521,0.443507349,-0.056678868,1
48.55099869,47,8,40.42979432,0.63695982,-0.082130882,1
46.51116562,47,8,37.65539161,0.588560184,-0.088710115,1
52.31809998,54,9,41.48592341,0.570557988,-0.038149775,1
35.82657242,34,6,30.87439869,0.836072255,0.519302355,1
46.42630005,46,7,39.10136241,0.83423937,0.550867858,1
50.05292511,50,8,41.59071609,0.820041318,0.62006015,1
46.62488174,47,7,38.30517995,0.849426849,0.86537164,1
43.20862961,44,0,33.87056919,0.82724173,0.959321339,1
51.41625977,54,0,38.30606566,0.719976685,0.934137637,1
54.33925629,56,0,41.1522584,0.810477092,1.101581254,1
53.3115387,55,0,38.73244237,0.805322327,1.408933814,1
45.63654709,42,0,41.34466567,0.806882948,0.189453663,1
37.97191238,35,0,34.10054454,0.816172571,0.282684896,1
55.81438828,60,7,45.46693542,0.55952591,-0.115370092,1
47.26769638,31,0,49.55067722,0.865887379,-0.094515694,1
47.74852753,43,0,47.41341936,0.821048179,0.031619308,1
48.84946823,52,8,35.74681348,0.36641424,-0.462471207,1
50.30209351,54,9,35.88760657,0.341481399,-0.416958518,1
53.48641968,56,9,38.04871587,0.325647803,-0.609003464,1
52.91898346,55,9,37.61761723,0.310434994,-0.719162424,1
51.40175247,45,0,46.25650035,0.722128766,-0.310144478,1
51.59641266,56,7,41.55912123,0.562097334,0.001634135,1
50.82089233,48,0,44.27577487,0.650100056,-0.349612527,1
44.44086075,41,0,38.20732195,0.68866051,-0.191977163,1
54.57406235,52,0,44.94652271,0.668063099,-0.161950249,1
52.84221649,52,0,41.90059605,0.600573747,-0.181742171,1
58.26450729,56,0,46.40339669,0.643826534,-0.073730393,1
55.55401611,56,0,46.19078187,0.670254334,0.00443425,1
48.36039352,49,0,39.63960016,0.651650294,0.048842698,1
55.29602814,60,7,44.74323344,0.591147849,0.056058517,1
59.52408981,61,0,47.75503577,0.604807549,0.010471549,1
51.72353363,55,0,40.02025365,0.583486257,0.262210605,1
51.91310883,56,0,39.94984624,0.552400395,0.144011031,1
52.57099915,56,0,40.85627446,0.59309421,0.206059197,1
53.00307083,60,0,41.34067545,0.337892366,-0.58560782,1
45.01515198,51,0,34.42782295,0.291375725,-0.660698635,1
45.55366898,52,0,34.79188861,0.301277687,-0.584359508,1
45.93244934,43,0,39.33181137,0.928805563,1.060412799,1
48.56819916,46,0,41.45318595,0.974160768,1.283536921,1
51.73297882,50,0,46.26619404,0.751704263,0.099529783,1
53.39824295,56,0,45.58303624,0.659281249,0.045784022,1
49.89886856,53,0,41.76714808,0.632955582,0.094101658,1
44.76643753,43,8,37.96688176,0.933446668,0.938605834,1
46.98738098,51,6,38.44800546,0.614126245,0.177669753,1
45.55413818,45,8,37.32130743,0.853973227,0.791543274,1
49.22140503,49,8,39.73212668,0.807298361,0.703571551,1
45.22630692,43,8,36.2035672,0.837612787,0.861217012,1
50.83895111,52,8,39.4409108,0.575645215,-0.11719404,1
52.01159286,54,9,40.12695069,0.586181293,-0.023754404,1
53.51594925,55,9,40.88005708,0.573659507,-0.03044018,1
51.70335388,51,8,44.42974681,0.798563337,0.288156378,1
53.72799683,55,0,43.63354422,0.621742697,-0.133048637,1
51.9519043,52,0,42.03239716,0.653108755,-0.042565896,1
48.52882004,50,0,38.083778,0.58473123,-0.043639764,1
55.3830452,59,0,42.40871779,0.538666467,-0.054429694,1
58.6071167,62,0,44.36149207,0.534603441,0.013533021,1
42.4071846,39,5,40.31795285,0.687429241,-0.45719253,1
53.3405304,51,0,49.6190949,0.687820082,-0.384940372,1
46.70305252,45,0,43.0044037,0.681060141,-0.355498133,1
53.72085571,54,0,48.41081467,0.645577726,-0.360700235,1
49.62263107,50,0,45.12396187,0.644210188,-0.227508667,1
54.6021347,58,0,48.2406161,0.588018974,-0.27938562,1
55.12634659,60,0,47.97108973,0.575815252,-0.19695477,1
56.46803665,64,0,47.34817447,0.53662726,-0.139763592,1
54.38658524,61,0,44.54780197,0.508700603,-0.094307192,1
45.88451385,45,7,39.09495018,0.80963883,0.352213775,1
52.54452515,51,8,44.75441854,0.782617448,0.23751234,1
35.03193665,5,0,44.49714174,1.160443732,0.45912266,1
48.54303741,48,7,40.01111975,0.783474735,0.348916387,1
49.96639633,51,7,40.21915315,0.736649456,0.305943294,1
49.667202,52,7,39.1155021,0.705431549,0.327529088,1
45.26160812,43,0,41.75335333,0.765266888,-0.14521933,1
44.36975479,44,0,40.23352297,0.760559935,-0.074544948,1
48.26987457,49,0,43.32310197,0.742825633,-0.105976888,1
52.42939377,56,0,44.98711504,0.634047335,-0.253681263,1
53.91533661,57,0,45.54373745,0.5989935,-0.280018548,1
64.68874359,72,7,38.33070543,0.387495646,0.88379638,1
57.75593185,62,7,35.89864754,0.57712502,1.073198691,1
53.21272278,56,7,34.07343551,0.671956102,1.202895479,1
68.93404388,76,5,42.61670081,0.23260823,0.264831895,1
60.45373917,66,5,37.48554821,0.371603677,0.682249808,1
55.17190933,53,9,45.92483815,0.752855808,0.261657304,1
61.50547028,66,5,37.55781016,0.415942616,0.949722514,1
59.27363205,61,5,36.92573296,0.548911528,1.163861491,1
58.59647369,63,4,37.27541821,0.524725908,1.1904425,1
59.10504532,63,2,48.51849109,0.686800502,0.210569419,1
65.85773087,69,2,53.25560201,0.656064617,0.131078485,1
66.45452499,70,2,53.51081867,0.600738283,-0.026179484,1
45.3884964,44,7,36.62055483,1.220675678,2.606632969,1
55.58024597,57,8,45.40024757,0.749277217,0.374703141,1
45.90116501,43,8,36.95689935,1.266729361,2.731131958,1
47.23222733,45,8,37.82225658,1.253984985,2.452077416,1
50.43574905,54,6,42.28914277,1.042766537,1.72290152,1
50.1228981,53,6,42.53030695,1.090434639,1.777321383,1
40.20867157,44,5,33.76296721,1.014106004,1.664172865,1
48.35785294,52,6,41.6036065,1.042425729,1.63661535,1
49.56625748,54,6,42.5798039,1.031930953,1.62175106,1
54.63168335,55,8,44.10739573,0.782344177,0.55676987,1
52.72994995,61,5,35.93574759,0.295078701,-0.125522927,1
50.48774719,59,5,34.93548844,0.312751849,-0.162002772,1
49.2359581,57,4,34.60578742,0.341777839,-0.149407354,1
52.36668015,59,5,37.09544252,0.368117385,-0.131965216,1
47.43095398,53,4,34.00716708,0.371066776,-0.143331097,1
53.88814545,56,4,45.78470618,0.753068923,0.690469387,1
44.90285873,46,6,32.25072255,1.159628313,3.02493874,1
41.91346741,42,6,31.13480263,1.236427603,3.109118439,1
42.92370987,44,5,31.08562785,1.094632651,2.500288445,1
59.05996704,62,7,43.50922337,0.946275271,1.468522465,1
55.70041275,58,7,41.41731928,0.993184874,1.590089089,1
53.35025406,53,7,40.14557953,1.087282518,1.830047778,1
56.24183273,58,7,41.42966586,0.983478893,1.66378718,1
51.38491821,52,8,43.23600888,0.815854385,0.608340345,1
53.89657974,57,7,40.75880389,1.005686086,1.715158932,1
43.29832458,46,2,32.16388791,0.898811694,1.959886824,1
42.00476837,43,2,29.48174717,1.062057146,3.296127374,1
44.85831833,47,2,31.4741082,1.020081846,3.092484737,1
50.58265305,53,3,36.51892807,1.030532514,2.712394723,1
53.72739792,57,3,37.24626246,0.928110802,2.486514715,1
60.45362473,66,3,40.11200483,0.692921966,1.81780799,1
49.90830612,50,8,42.09513729,0.851275806,0.767652536,1
60.05640793,68,2,46.07700863,0.465902537,0.101086376,1
54.41136169,61,2,41.31758548,0.554868695,0.564397429,1
49.19198608,54,2,38.322301,0.679275559,0.935816221,1
50.21785355,57,2,38.49717769,0.572813385,0.679659621,1
53.79701233,62,2,41.06187249,0.456475524,0.234280343,1
56.32199478,63,3,44.45143777,0.573061892,0.3526296,1
46.17922974,46,7,38.76551858,0.851903002,0.850994421,1
52.63312912,56,5,37.27341959,1.044443145,2.341760572,1
54.75734329,58,6,40.66199897,1.064651847,2.051370908,1
55.26884842,60,5,39.78198488,0.949385253,1.772806423,1
61.69634628,70,3,45.61072331,0.456712068,0.295074099,1
57.79075623,63,3,43.46544619,0.650714584,0.902954375,1
59.56690598,66,3,44.65185519,0.577437009,0.53766543,1
63.09119415,70,3,47.16859382,0.526611282,0.405535358,1
47.95051575,48,5,37.31757938,1.132942258,2.057245695,1
49.13650513,49,5,38.53772479,1.08342236,1.766654332,1
48.25548935,49,5,38.67420031,1.127067682,1.978634191,1
55.48471451,56,7,42.69235657,0.876889938,1.057182409,1
55.79726028,58,8,42.34738015,0.882778987,1.230779013,1
50.98616409,51,7,39.32427748,0.982583911,1.555773902,1
52.19732285,50,9,40.76386517,1.216295884,2.30032434,1
36.36888504,5,0,44.68295882,1.059905567,0.231578359,1
57.63560486,56,9,44.52117046,1.051369051,1.695670015,1
58.33661652,58,8,44.44947331,0.926864307,1.268886783,1
52.55430603,58,2,40.50895464,0.718933257,1.067247887,1
53.16920853,58,2,40.94727552,0.752723836,1.227253299,1
50.34899902,54,2,39.4882411,0.834344563,1.420234123,1
61.52313995,69,2,42.55970536,0.42277382,0.31070993,1
58.56241989,65,2,41.15518243,0.53083954,0.678579193,1
49.41265869,56,5,36.79865849,0.336959164,-0.324286858,1
59.83749008,66,2,41.26233946,0.541699932,0.824288412,1
64.24090576,69,2,44.43330264,0.597352147,0.87348556,1
65.76336288,72,2,46.05780625,0.606501767,0.868565022,1
65.24570084,73,2,45.9321912,0.560695467,0.748743076,1
51.39986801,56,6,34.48045003,0.86937765,2.273580639,1
49.42476654,53,6,33.83490671,0.98428522,2.702334924,1
50.31824493,52,6,35.41977342,1.051200149,2.634593478,1
52.39953613,61,5,37.93169057,0.234343265,-0.512198325,1
48.73664093,52,6,34.04649608,1.050284914,2.766113346,1
49.03952408,53,6,33.62087769,1.006965971,2.828318487,1
50.25627136,55,6,34.08416572,0.935565418,2.537758209,1
48.76589584,48,6,40.44653334,1.081811395,1.72104632,1
46.94778061,47,6,38.29507354,1.031000444,1.384457191,1
50.47668839,54,6,39.35191824,0.943150646,1.605283699,1
54.20227051,62,5,38.67820748,0.186732653,-0.564363257,1
48.63586426,53,6,38.01243624,0.988307704,1.789237983,1
49.82355499,54,6,38.35247583,0.910489024,1.572952258,1
44.57124329,47,2,33.4098074,1.160024623,3.385450737,1
45.56393051,47,2,34.51916782,1.24584249,3.596461718,1
49.42522049,52,3,35.92804691,1.08812452,3.06308517,1
42.63777161,43,3,31.6086176,1.117078954,2.861711459,1
53.03923798,55,3,45.6170809,0.758914759,0.573625975,1
47.15617371,49,2,41.00609386,0.840579031,0.818272806,1
49.22360992,52,3,42.06288645,0.846925358,0.928446695,1
54.68313217,57,3,46.25620325,0.738781728,0.550710189,1
48.20370865,47,3,43.50999681,0.992159506,1.155515054,1
44.89391327,42,3,42.94823444,1.124078058,1.383653853,1
52.81197739,58,7,33.4922795,0.27176957,-0.286642933,1
62.40279388,68,8,39.00402288,0.263475487,-0.341153333,1
51.12773132,58,5,35.95500927,0.311834912,-0.015188289,1
55.37560654,59,0,34.36872666,0.362827183,-0.074443302,1
45.65189362,47,3,34.84833395,0.625560856,0.409297039,1
49.48436356,53,3,36.49675297,0.529782634,0.219590377,1
49.96280289,53,3,37.15313725,0.580114381,0.366766138,1
56.92750931,61,4,41.33408315,0.484008965,0.195366385,1
57.86791992,65,3,41.09067431,0.344148504,0.013442635,1
58.79187775,64,4,43.70976383,0.432335728,-0.055290398,1
52.61729431,59,4,37.61090379,0.466751035,0.298862749,1
65.08636856,72,3,49.32998535,0.494781404,0.103254558,1
63.43061447,68,3,48.18919652,0.569384561,0.276616051,1
64.63362122,69,3,48.95717078,0.572786162,0.263488556,1
63.28453445,69,3,48.81909971,0.559772814,0.227736042,1
63.99489975,69,3,49.75820978,0.575711377,0.253147824,1
62.70936203,68,3,48.90336756,0.567941627,0.239841857,1
61.40118408,69,5,42.36081191,0.291757351,-0.111533396,1
65.83384705,75,3,42.81214764,0.14934659,0.094226833,1
64.31359863,73,3,41.34037534,0.14555099,0.06591636,1
62.34101486,69,3,39.97670936,0.169029517,0.170158431,1
46.21225357,46,4,36.80433235,1.167642415,2.909562971,1
47.91972733,50,4,37.09057654,1.067343023,2.660645278,1
45.91493225,46,4,35.68566115,1.257215988,3.608154354,1
61.86857605,69,3,49.59249721,0.592326767,0.286069799,1
58.30241013,64,3,46.56461125,0.633533441,0.451974594,1
56.60190964,62,3,45.18708978,0.652021668,0.482611545,1
55.69828033,62,3,45.04184938,0.63228587,0.376522664,1
53.14918137,55,8,39.40563156,0.980545377,1.824013524,1
51.63635254,52,8,38.88625191,1.059378547,2.002760319,1
41.40805054,42,6,30.80346743,1.101193317,2.330847152,1
39.42827606,41,6,29.34961616,1.003556358,1.933692297,1
53.08157349,55,0,46.69451286,0.689289365,-0.038592998,1
51.20329666,53,8,37.7683117,0.970406715,1.890657282,1
56.069664,59,10,36.59621362,0.761470914,1.399863914,1
52.84024429,58,9,34.50279526,0.674353559,1.461025993,1
52.43014145,58,9,34.34195015,0.609212901,1.310153706,1
59.41610718,67,2,45.8327351,0.424989119,-0.030174768,1
61.22528839,69,2,46.54454323,0.446380364,0.036462475,1
60.85440063,67,2,46.7457042,0.512464224,0.175327129,1
53.43075562,56,0,46.37219226,0.649034348,-0.110421599,1
59.51436996,64,2,45.15678744,0.55378533,0.335769306,1
57.48059464,61,2,43.42537178,0.593396052,0.468406404,1
56.85694504,62,2,43.64152429,0.616375846,0.554187126,1
53.1164856,59,2,44.77198801,0.599794691,0.11895106,1
55.35020447,60,2,46.26330053,0.633810177,0.314054914,1
56.08644104,60,2,47.19284627,0.707091665,0.523793504,1
58.04753494,65,2,48.00905725,0.570342173,0.138061456,1
59.36903763,66,3,50.35370256,0.578479707,-0.012301868,1
63.34026718,72,3,51.60205704,0.483891019,-0.127478709,1
54.09464645,63,2,43.5346237,0.508638049,0.098666142,1
61.43019867,70,3,50.21521617,0.588107356,0.236300178,1
59.40992355,66,3,49.50534896,0.691009834,0.478109784,1
56.37414932,61,2,46.18286077,0.788206205,1.030823929,1
44.9481163,47,0,38.90093038,0.687084845,0.057831474,1
52.53940201,56,2,43.95298575,0.810345392,0.923772015,1
54.20595169,61,2,44.85227871,0.718520627,0.742062501,1
56.24698639,59,7,40.30669427,0.87686621,1.440560019,1
56.32470322,58,7,40.10441592,0.910493265,1.552569582,1
54.44168854,54,7,40.03589596,0.990033761,1.587366648,1
53.86187363,55,7,38.66656912,0.894647022,1.481301554,1
70.53168488,77,3,52.35350199,0.382618506,-0.270042947,1
68.1362915,73,3,50.56968665,0.402941448,-0.284739725,1
57.22290039,62,2,42.41391516,0.451857365,-0.08126987,1
58.17274094,63,2,44.14224109,0.482587924,-0.095021169,1
60.08233643,65,3,45.34639748,0.474673438,-0.026167301,1
54.46559525,57,0,45.78295452,0.621023728,-0.036546157,1
53.22536087,57,7,39.92952458,0.532796232,0.008308051,1
55.53721619,59,7,41.47632544,0.500768508,-0.125072543,1
58.45162201,63,8,42.84598872,0.488611982,-0.062257056,1
45.89367676,50,6,33.17374416,0.478187011,0.096857762,1
41.70339203,36,8,36.59425379,1.058489324,1.184672261,1
36.16849518,9,0,43.64612702,1.089675102,0.352704667,1
42.08838367,24,0,50.35668272,2.049944436,5.073736346,2
55.21254365,64,6,46.05656531,0.370449905,-0.628678005,2
76.03727337,62,0,79.5659904,0.585233123,-0.877842561,2
49.95790422,20,11,48.43981275,1.237069937,1.467716379,2
53.65205341,12,10,59.5876027,1.574931049,2.218935917,2
49.2311595,26,10,42.64521689,0.483434408,-1.392568962,2
77.26138508,35,4,83.70550666,0.747320804,-0.774675864,2
53.55727407,51,0,54.5836425,0.939009142,0.541538483,2
95.26914817,111,119,50.16957461,-0.406466919,-0.644095979,2
47.54401975,0,0,68.4862395,1.289203174,0.901168776,2
29.71865205,6,0,36.33193739,1.286794287,1.486213076,2
29.71865205,6,0,36.33193739,1.286794287,1.486213076,2
32.14144117,10,8,33.72474047,1.331228443,2.274833854,2
32.14144117,10,8,33.72474047,1.331228443,2.274833854,2
52.68003275,17,10,53.90343616,1.280311683,1.360164212,2
55.54540438,20,6,55.27210185,0.729146849,-0.201078455,2
53.78478635,14,11,55.58581186,1.340507106,1.568019654,2
58.07111705,68,4,45.95476265,0.429553833,0.085893827,2
58.86393298,47,16,49.20921796,1.934594002,4.497105646,2
53.96966019,59,23,30.12070679,1.290259291,3.031809729,2
57.78724586,51,0,52.74281285,0.803046654,-0.051541365,2
69.22349051,33,18,57.1194432,0.726774047,-0.403535797,2
31.39737717,4,0,40.43924779,1.230660797,1.216878512,2
29.71865205,6,0,36.33193739,1.286794287,1.486213076,2
30.52680637,6,0,36.72135938,1.363369936,2.427993556,2
30.56956049,5,0,36.67256553,1.362536907,2.410440205,2
56.35004444,20,17,50.43957957,1.316402584,2.022900676,2
56.09610367,19,16,50.749058,1.35237801,2.184331217,2
53.65205341,12,10,59.5876027,1.574931049,2.218935917,2
61.12537276,62,0,49.1119659,0.433188701,-0.267076606,2
73.76584544,95,0,49.63063717,-0.324772256,-0.56023168,2
54.51784153,59,5,46.47992898,0.984298287,1.235341211,2
57.01842239,47,11,51.89478043,1.180068204,1.578584035,2
59.43226349,54,8,45.76437254,0.064130153,-1.754890709,2
50.66168901,20,14,44.36826779,0.756100208,-0.676082327,2
36.33957996,15,3,42.21857146,1.77404097,4.045334984,2
52.90277636,16,13,56.93560384,1.631939535,2.405827428,2
71.14814815,36,9,68.20950339,0.332319939,-1.660199308,2
43.36567798,45,3,40.13310356,1.352226085,2.856163753,2
56.38566075,20,17,58.88272275,1.635394378,2.06852249,2
56.68114407,1,1,79.74349188,1.291628045,0.554260249,2
44.07397761,0,0,57.95953769,0.87587707,-0.435141596,2
52.82305372,60,0,44.44846006,0.733802843,0.542769728,2
23.87568228,20,0,24.67129686,1.045507831,1.833999223,2
37.02029358,17,0,42.1160735,0.835652873,-0.434959462,2
32.03316919,5,0,38.58488202,0.717035159,-1.085025017,2
32.38812894,17,1,41.71294591,1.997793576,5.345721475,2
39.52377137,1,1,55.07493064,1.170852063,0.373073889,2
61.47162469,34,8,61.99323699,0.945553883,0.233351733,2
41.13913301,0,0,56.0359162,1.3889488,1.394341125,2
57.08177966,24,16,47.93644879,0.680044198,-0.904190692,2
54.83596668,35,31,33.07398782,1.096225167,-0.24443837,2
76.62212016,28,1,81.49342285,0.431417156,-1.601158779,2
95.4443048,103,0,82.68889403,0.477734769,-0.716478879,2
89.49389754,92,0,76.53116519,0.812083685,0.08123901,2
67.91067581,2,0,83.36019637,0.957251511,-0.215290716,2
63.23403835,0,0,83.43949257,1.079598657,-0.005601168,2
78.34562147,77,13,54.53123459,1.027224092,1.123279967,2
85.11270889,95,0,60.18256752,-0.002816173,-0.83579811,2
62.57603951,47,8,59.47516324,0.986585867,0.549664665,2
54.35043809,51,10,46.88969882,1.110818429,1.741656591,2
64.31997522,77,0,42.27987978,-0.090970065,-1.146233536,2
33.64625826,17,0,35.78269348,0.746591223,-0.941325204,2
55.09585651,46,16,45.90145077,1.235366269,2.378604308,2
34.48403835,3,0,40.13310271,0.648152408,-1.058579604,2
43.74825023,1,0,57.55842759,0.925442273,-0.398932122,2
73.09213492,90,8,56.46216196,0.277592399,-0.957077834,2
43.1574531,0,0,61.82729416,1.429052198,1.266675943,2
44.38030392,36,4,42.96505883,0.778338107,0.093410914,2
43.11027693,15,1,46.55181919,0.594126352,-0.717451107,2
103.0505992,99,34,57.98410686,0.592168699,-0.138222635,2
86.75674044,77,7,78.17388228,0.302409326,-1.458257706,2
55.64588187,56,1,57.11872448,1.201042085,1.542606,2
52.82458227,60,0,44.36815013,0.735371089,0.552233394,2
66.18379706,69,10,44.96976911,0.920141374,1.651655862,2
56.34682088,58,0,38.17026101,1.22331573,3.852263051,2
86.75674044,77,7,78.17388228,0.302409326,-1.458257706,2
55.64588187,56,1,57.11872448,1.201042085,1.542606,2
52.82458227,60,0,44.36815013,0.735371089,0.552233394,2
91.2371476,92,0,76.18778327,0.800280099,0.077007905,2
56.34682088,58,0,38.17026101,1.22331573,3.852263051,2
62.12669683,59,4,55.00667419,0.960097756,0.725205364,2
71.06595261,61,15,57.32868565,1.326116773,1.909990235,2
60.42227449,63,1,49.89386637,0.807656207,1.189264604,2
59.84018601,57,4,45.21913482,0.729874792,0.85706256,2
34.17099114,27,6,30.56179222,1.398132832,2.46176384,2
65.29099685,64,0,43.21851234,1.4659819,3.874250648,2
82.86128814,76,29,52.87515337,1.060680788,1.017722035,2
59.73270966,46,0,66.35763614,1.077582026,0.383223035,2
78.86519214,84,8,60.18027843,0.569751785,-0.036856314,2
42.27606818,16,16,38.93142854,2.220957943,6.65674146,2
74.27798376,67,0,67.50839744,0.691422517,-0.222865864,2
50.65523516,52,1,47.15386059,1.106337754,1.401445529,2
60.79956329,60,1,56.013899,0.421018798,-0.793867692,2
108.6711144,109,0,85.77833229,0.187351963,-1.308766765,2
96.05559593,98,13,71.78588179,0.179964926,-1.184730819,2
40.9969501,20,0,42.08314053,0.291221177,-1.600660531,2
56.22040056,42,0,58.85829153,0.511692353,-1.037493528,2
97.32537851,97,0,75.78425967,0.25666167,-0.767311015,2
47.55068491,10,1,53.99683656,0.498189448,-1.573279459,2
71.88320854,79,0,62.38578096,0.405393385,-0.632923718,2
73.77303577,69,0,79.9645457,0.722673545,-0.477005926,2
50.47739892,53,66,25.83597463,1.240281704,4.675317295,2
14.29359595,1,1,25.20527662,1.948257838,4.808845965,2
57.98614045,29,29,47.79218547,1.880785312,3.488063987,2
45.08365714,5,0,64.43691164,1.468463393,1.210054867,2
43.89206531,25,0,51.69296805,1.490855445,2.46043363,2
43.71127347,7,0,55.72234997,1.450986636,2.172462268,2
48.29222857,4,0,58.58018254,1.072593403,0.698129684,2
42.2523102,4,0,58.05282222,1.553394399,1.996349733,2
39.93120816,3,0,56.59306839,1.736892431,2.854149254,2
98.18398913,126,0,75.92375219,-0.078055492,-1.543117737,2
32.30881995,5,0,38.63942452,0.703672752,-1.103412263,2
93.26900964,94,0,75.63887986,0.283233957,-0.833043279,2
68.88453361,64,0,66.72249723,0.898174463,0.383777969,2
82.53695059,72,4,77.69596416,0.531920576,-0.928259212,2
103.3549233,105,0,91.5760203,0.239152526,-1.391343682,2
75.12368931,78,0,65.84327786,0.403839729,-0.707553,2
76.66924016,33,0,85.17743394,0.609059072,-1.225526906,2
70.09514208,66,1,59.79308479,0.574744213,-0.329446693,2
86.45966667,72,20,67.41814431,0.769941546,-0.321304168,2
76.66924016,33,0,85.17743394,0.609059072,-1.225526906,2
75.12368931,78,0,65.84327786,0.403839729,-0.707553,2
105.7093079,134,4,75.04545894,-0.126500074,-1.282536631,2
70.09514208,66,1,59.79308479,0.574744213,-0.329446693,2
41.90547174,27,0,49.34125547,1.64528462,3.440499401,2
66.70998328,60,0,66.6333339,0.940421783,0.44508508,2
54.74942545,40,18,40.46486265,1.180412603,0.795831037,2
72.20385665,19,0,85.46977709,0.715841199,-1.099400357,2
82.53695059,72,4,77.69596416,0.531920576,-0.928259212,2
103.3549233,105,0,91.5760203,0.239152526,-1.391343682,2
82.53695059,72,4,77.69596416,0.531920576,-0.928259212,2
60.77226502,42,10,56.56613036,1.222464605,0.9915817,2
40.0596656,23,0,49.02921204,1.689502232,3.599073005,2
56.09677535,2,0,70.87009061,1.227096463,0.905871617,2
75.12368931,78,0,65.84327786,0.403839729,-0.707553,2
54.74942545,40,18,40.46486265,1.180412603,0.795831037,2
59.91515805,63,1,48.01218707,0.249124804,-0.719977957,2
40.64564938,37,9,40.3216187,1.638810147,4.058015184,2
63.26113433,78,2,48.4717004,0.081047838,-0.710607079,2
36.94715596,3,0,48.85233007,1.492287432,2.824395815,2
35.4264551,32,0,38.0722874,1.246918687,2.11526966,2
35.4264551,32,0,38.0722874,1.246918687,2.11526966,2
39.42153061,0,0,52.84587749,0.80994033,-0.821156489,2
43.94616559,44,3,42.56366307,1.497344562,3.251600033,2
40.57560966,1,1,55.45617113,1.130561167,0.277407858,2
9.768336757,1,1,24.12151516,3.631105141,14.77649745,2
43.67768595,44,3,43.06057215,1.534218695,3.36583669,2
35.4264551,32,0,38.0722874,1.246918687,2.11526966,2
57.8542903,60,8,51.53061026,1.0603928,1.084392866,2
35.72003555,0,0,60.89939138,1.625668562,1.799188691,2
55.70235117,50,2,52.39183406,0.336814104,-1.064581182,2
42.53393665,2,0,54.60476844,1.083723033,0.569202423,2
53.04299314,2,0,71.85870853,1.235159791,0.656235835,2
30.8562,6,0,48.42407843,2.092788487,4.255654863,2
62.55105999,76,8,49.21529388,0.518605595,0.014569197,2
79.79215812,89,0,77.02539338,0.798861876,-0.052301349,2
48.06660741,11,4,57.29517721,1.455780452,1.672374499,2
39.93120816,3,0,56.59306839,1.736892431,2.854149254,2
75.19776943,66,0,68.10437528,0.202245478,-1.48231734,2
49.35367178,41,4,52.00850452,1.419609156,2.376976562,2
98.45555865,109,27,56.67361163,0.443541969,-0.225849522,2
73.39127862,73,1,64.1027589,0.178970361,-1.374316849,2
57.8542903,60,8,51.53061026,1.0603928,1.084392866,2
65.43981408,4,0,78.52050459,0.678303554,-1.110477487,2
70.91724206,83,12,49.28005726,0.209747234,-0.796907731,2
46.39816296,0,0,62.78398628,1.098801017,0.252535898,2
82.44946433,94,0,78.89840794,0.599078557,-0.475401893,2
72.67606192,71,10,54.56094763,0.624682052,-0.136161944,2
77.84719612,77,10,69.41187,0.952705001,0.239245971,2
58.42231854,42,12,53.55429577,1.079836443,1.332772307,2
52.21045684,39,0,46.8553816,0.254915001,-1.589999994,2
63.63597648,67,0,45.48824785,0.733087743,1.241857765,2
57.92493852,64,3,40.63005307,0.570482755,0.822317518,2
35.12323951,1,1,47.20077758,1.442329637,1.787090764,2
38.05332619,16,3,42.9404863,1.205797165,1.381046018,2
37.12216187,29,3,37.37410344,1.103760216,1.637760316,2
36.23332346,0,0,60.2368343,1.564992807,1.517283405,2
37.03303027,4,0,44.85565644,0.879921322,-0.20045717,2
63.23403835,0,0,83.43949257,1.079598657,-0.005601168,2
97.32537851,97,0,75.78425967,0.25666167,-0.767311015,2
43.94616559,44,3,42.56366307,1.497344562,3.251600033,2
53.60873086,12,10,59.47282176,1.54383487,2.078170931,2
82.4270649,74,16,63.64071018,0.317150704,-1.453075006,2
48.41003457,4,0,58.32121906,1.041731294,0.57829181,2
70.65079976,52,0,73.62889093,0.858926573,-0.332751126,2
48.41003457,4,0,58.32121906,1.041731294,0.57829181,2
50.09245179,31,0,54.14434074,0.810357901,0.05358544,2
57.92493852,64,3,40.63005307,0.570482755,0.822317518,2
79.11214443,94,13,53.85943718,0.425217874,-0.075252957,2
53.58510028,36,20,41.99629352,1.562148452,3.396712277,2
81.38664856,76,0,82.11403271,0.386836427,-1.320041633,2
66.22618787,64,11,50.30793416,1.200555774,1.521933259,2
12.97658509,0,0,30.33546983,3.104424394,10.95244818,2
32.24262716,9,8,33.56224063,1.27332178,1.893639194,2
42.57155427,0,0,61.42294324,1.436607592,1.30314852,2
29.76203457,5,0,36.26860023,1.274703991,1.439304145,2
18.78631546,0,0,26.86798635,1.896611692,6.186363963,2
35.55274437,33,0,37.95025138,1.243275172,2.116027643,2
12.97658509,0,0,30.33546983,3.104424394,10.95244818,2
60.418296,47,0,66.31671027,1.184488188,1.059479933,2
32.19800299,5,0,38.62315864,0.711134293,-1.09336728,2
86.88330448,80,35,50.41949308,1.105574193,1.194366457,2
46.679629,50,6,37.15622875,-6.21E-05,-1.675448128,2
40.9802102,26,0,38.78519412,0.413287599,-1.052302499,2
41.30707191,16,0,45.97943606,0.605094963,-1.283183694,2
36.40590388,26,4,33.42052867,0.303686136,-1.421305235,2
42.88631467,49,0,42.55260999,0.816308957,0.346017849,2
21.86899883,1,0,31.53855195,1.826173549,3.6288523,2
35.17866898,31,0,36.74611358,1.317778138,2.490734148,2
47.62892267,49,4,36.97672874,0.192117169,-1.257113533,2
47.64603806,47,0,43.23784431,0.554931373,-0.062578219,2
40.57361013,1,1,55.45081995,1.130472648,0.276014747,2
48.93531733,37,0,57.89062266,1.546391659,2.437701837,2
106.8816915,124,0,77.26033749,-0.169844766,-1.192952898,2
102.077606,114,0,76.56308998,-0.088698691,-1.18599436,2
75.59647024,88,0,59.19472457,-0.040053237,-1.306018197,2
46.42841346,11,0,54.86738404,1.203859396,1.075386863,2
66.22618787,64,11,50.30793416,1.200555774,1.521933259,2
92.58385965,105,108,40.87212612,0.056972922,-0.218113353,2
94.45269851,115,0,76.29490356,0.008316612,-1.573347819,2
43.67768595,44,3,43.06057215,1.534218695,3.36583669,2
63.26113433,78,2,48.4717004,0.081047838,-0.710607079,2
67.91067581,2,0,83.36019637,0.957251511,-0.215290716,2
62.89469348,71,11,43.87776148,0.098216656,-1.340908923,2
67.76685429,40,1,69.12087926,0.343362868,-1.465652436,2
39.62064328,34,0,42.68298965,1.577981047,3.258697815,2
50.64828611,19,14,44.60219184,0.750104856,-0.764259265,2
32.24262716,9,8,33.56224063,1.27332178,1.893639194,2
76.48383838,62,1,86.50918483,0.792299631,-0.672023629,2
29.71865205,6,0,36.33193739,1.286794287,1.486213076,2
61.84306269,62,13,45.4387095,0.878487601,1.286786886,2
101.3714672,118,37,65.72266185,0.774703917,-0.048976151,2
70.59637063,76,15,55.24035582,0.825225588,0.113884704,2
53.58510028,36,20,41.99629352,1.562148452,3.396712277,2
43.78567187,13,2,48.75166594,0.937164275,0.281173808,2
53.04299314,2,0,71.85870853,1.235159791,0.656235835,2
50.04836273,14,10,54.15071411,1.040959855,-0.369558925,2
70.59637063,76,15,55.24035582,0.825225588,0.113884704,2
63.12774694,65,0,57.25544337,0.906239429,1.017546329,2
61.32946193,71,4,47.20709094,0.247391479,-0.793782472,2
57.8542903,60,8,51.53061026,1.0603928,1.084392866,2
68.56048375,32,17,57.37305957,0.724971696,-0.407714398,2
27.39433134,24,0,34.53811428,1.902707203,5.49767013,2
47.02032505,0,0,62.63293958,0.951677094,-0.117561704,2
85.11108826,94,0,80.34000183,0.668037418,-0.362753324,2
75.0830081,34,0,83.06100771,0.583568508,-1.027855084,2
107.888474,117,0,84.35719479,0.0571379,-1.462192188,2
52.86318574,39,19,46.79884969,2.238960112,5.828939057,2
90.68023762,102,32,41.12152684,0.290700177,0.607703762,2
37.79703153,44,3,33.74759847,1.034517873,2.208070705,2
44.45685764,14,12,50.34437028,1.086404907,0.232148483,2
29.24540809,0,0,38.4993493,0.751133899,-1.23185683,2
31.31059833,0,0,59.49020633,1.942591885,3.05551327,2
29.92633929,3,0,52.96686767,2.501141697,5.950643806,2
53.85945892,10,0,64.95326508,1.007480104,0.105365133,2
56.09677535,2,0,70.87009061,1.227096463,0.905871617,2
44.84630083,11,11,52.99291844,1.579595148,1.537323541,2
55.92528505,37,15,48.81397745,1.321142091,1.813661676,2
29.40154122,14,0,32.9595231,1.28673959,1.646577539,2
47.25259018,42,1,46.9061868,0.973956332,1.251691369,2
53.11907427,58,0,46.47353908,0.734353351,0.836031362,2
55.85024634,56,7,43.58167856,0.513217202,-0.453705781,2
59.00946033,39,13,58.69353827,1.468828878,1.782095617,2
61.5005037,49,7,57.90073519,1.009887677,0.749328326,2
44.4969679,8,5,53.21838423,1.077799166,0.116255743,2
50.04836273,14,10,54.15071411,1.040959855,-0.369558925,2
67.91067581,2,0,83.36019637,0.957251511,-0.215290716,2
63.45803457,59,5,54.54278449,1.076493184,0.910607082,2
59.00946033,39,13,58.69353827,1.468828878,1.782095617,2
45.40201414,38,11,35.66831033,0.770418344,0.378223783,2
48.71333146,45,4,49.82097919,1.638115433,3.635764547,2
37.31834074,3,0,44.79746413,0.843244634,-0.267978499,2
46.09771625,16,13,50.60341567,1.699936602,2.549266914,2
58.86476918,55,13,43.53097369,0.410369767,-0.729262259,2
29.76203457,5,0,36.26860023,1.274703991,1.439304145,2
42.41385752,0,0,59.227814,1.328231098,1.275595186,2
60.50044374,52,23,42.26199259,1.660378667,3.787161041,2
53.58510028,36,20,41.99629352,1.562148452,3.396712277,2
30.05601462,1,0,48.11532087,1.706472428,2.770921702,2
86.3350339,78,32,52.61960254,0.500136107,-1.068331461,2
43.67768595,44,3,43.06057215,1.534218695,3.36583669,2
80.7689721,77,32,45.66802739,0.394862515,-1.123106946,2
69.1780255,73,8,58.10994416,0.756125432,0.119705661,2
84.76020731,78,32,51.03062866,0.463881068,-1.124151573,2
30.5134362,1,0,48.54178725,1.640708803,2.368945926,2
92.03545806,81,32,59.59380957,0.483813863,-1.183557501,2
44.60363378,1,1,65.50219961,1.12146602,-0.257626766,2
80.95401544,68,11,65.52689951,0.638953125,-0.702945255,2
66.4385556,78,0,40.45135329,-0.06500071,-0.670983994,2
63.23403835,0,0,83.43949257,1.079598657,-0.005601168,2
36.87453704,9,0,39.67281763,1.038341825,1.909670853,2
85.93732799,76,11,63.56306391,0.51899492,-0.780197342,2
39.42153061,0,0,52.84587749,0.80994033,-0.821156489,2
83.97596001,69,16,69.53530603,0.790171247,-0.444540961,2
70.51932657,60,15,57.74606464,1.374533967,2.067084057,2
88.04789577,75,16,67.68288598,0.528787367,-0.952068188,2
29.71865205,6,0,36.33193739,1.286794287,1.486213076,2
82.45229345,67,16,66.92379732,0.66263451,-0.784181696,2
67.58065841,79,0,64.72476693,0.463096998,-0.578734262,2
72.37106065,29,16,70.23853967,1.025655232,-0.235994843,2
61.50788207,1,1,81.78614299,1.194956306,0.345251363,2
54.91268346,26,22,45.74886013,1.51061756,3.308564786,2
56.04725026,19,16,53.44538424,1.521382112,2.583401964,2
89.44487076,70,19,72.77478341,0.595387605,-0.957523147,2
58.10155914,57,1,55.00900753,0.715637752,-0.159867425,2
90.18390379,80,19,74.14009241,0.632937474,-0.816632626,2
41.1608105,36,0,47.53505791,1.456849981,2.974435805,2
67.43440465,45,36,45.75247957,2.223727432,5.466944194,2
112.6261688,115,36,65.73246611,0.319047019,-0.987605301,2
101.8207417,119,36,50.27369993,0.258244252,-0.099064739,2
105.6852092,114,36,51.15273174,0.168175107,-0.438110905,2
92.20701613,92,0,76.01192027,0.792935381,0.069810514,2
86.36894045,91,36,49.72397807,0.965219593,1.004662711,2
105.8290275,112,36,58.16102092,0.33486395,-0.720510743,2
47.15166561,9,6,56.38338648,1.031656159,-0.419120578,2
71.34248383,76,0,61.82613455,0.969513033,1.142618761,2
75.27581724,70,0,66.75626592,0.770570627,-0.200595188,2
40.85485485,38,2,41.48262344,1.331742697,1.676656227,2
50.53992278,22,13,57.31761149,1.992439918,3.412301528,2
98.42513997,92,19,72.23570218,0.337389072,-1.179138792,2
79.62388681,28,0,89.39518131,0.628619683,-0.964926905,2
80.18454106,89,0,77.02208519,0.794033444,-0.056516478,2
63.23403835,0,0,83.43949257,1.079598657,-0.005601168,2
55.09585651,46,16,45.90145077,1.235366269,2.378604308,2
93.29965021,93,0,75.43523197,0.789711761,0.098657933,2
32.75185185,6,0,38.73063844,0.684293386,-1.129457177,2
68.33059091,55,0,67.4545783,0.391060829,-1.207578222,2
99.86764445,59,46,62.83269786,0.749319109,-0.951768673,2
77.57939221,30,1,81.59292335,0.409505791,-1.618177159,2
57.08177966,24,16,47.93644879,0.680044198,-0.904190692,2
67.91067581,2,0,83.36019637,0.957251511,-0.215290716,2
17.43040793,1,0,33.82042331,2.25578768,4.895246611,2
33.64625826,17,0,35.78269348,0.746591223,-0.941325204,2
37.683946,1,0,46.4456299,0.761854458,-0.799807846,2
55.09585651,46,16,45.90145077,1.235366269,2.378604308,2
64.62197767,78,0,42.15004004,-0.097180138,-1.137128716,2
44.38030392,36,4,42.96505883,0.778338107,0.093410914,2
36.75047849,3,0,44.79398524,0.891624373,-0.180857871,2
32.38462682,6,0,38.647115,0.698606643,-1.112539552,2
40.57361013,1,1,55.45081995,1.130472648,0.276014747,2
77.56916328,30,1,81.59106609,0.409754395,-1.617971305,2
66.12501018,77,0,40.60839143,-0.06112537,-0.686199112,2
43.67768595,44,3,43.06057215,1.534218695,3.36583669,2
42.27606818,16,16,38.93142854,2.220957943,6.65674146,2
41.13913301,0,0,56.0359162,1.3889488,1.394341125,2
57.08177966,24,16,47.93644879,0.680044198,-0.904190692,2
70.53066648,58,1,69.69965263,1.043034648,0.459890932,2
77.19850618,81,1,80.13687216,0.988884603,0.111044469,2
67.91067581,2,0,83.36019637,0.957251511,-0.215290716,2
32.38921762,17,1,41.70963837,1.996286757,5.337129299,2
54.83596668,35,31,33.07398782,1.096225167,-0.24443837,2
61.36330667,79,1,53.57569166,0.236343476,-0.772087481,2
108.8458607,127,1,85.48271479,-0.057031914,-1.40553289,2
43.7565027,5,3,47.92511118,0.527463337,-1.426958466,2
75.21713277,58,0,82.97396697,1.251751948,0.341130513,2
95.08364272,97,0,75.59949569,0.411107426,-0.645775187,2
29.1021321,0,0,42.05139085,1.762113824,4.414977046,2
33.54946495,1,1,58.10949835,2.569720715,6.743997885,2
45.62655817,23,17,36.24296648,0.721914568,-0.991105127,2
43.7028871,11,0,55.44460055,1.230381881,0.406949952,2
68.33059091,55,0,67.4545783,0.391060829,-1.207578222,2
43.01368026,14,1,46.53753715,0.596764252,-0.716288118,2
43.77574967,1,0,57.55363341,0.922814514,-0.401285641,2
70.09514208,66,1,59.79308479,0.574744213,-0.329446693,2
103.3549233,105,0,91.5760203,0.239152526,-1.391343682,2
40.08434312,23,0,49.07061779,1.689288513,3.597229639,2
70.09514208,66,1,59.79308479,0.574744213,-0.329446693,2
103.3549233,105,0,91.5760203,0.239152526,-1.391343682,2
60.77226502,42,10,56.56613036,1.222464605,0.9915817,2
82.18205975,72,4,77.18269294,0.530065664,-0.930451098,2
70.83109785,69,11,48.70063738,0.86896408,1.132186117,2
57.08177966,24,16,47.93644879,0.680044198,-0.904190692,2
71.9045892,22,0,83.95418904,0.698988026,-1.108937851,2
66.21561388,64,12,50.18767531,1.190618097,1.484009707,2
83.17389831,76,29,53.64773074,1.051868191,0.952565053,2
61.81925093,57,19,41.98142728,1.049049661,1.383994043,2
55.86334746,61,8,41.5991966,0.571646737,0.456295185,2
61.76331719,47,0,65.5159294,1.143611427,0.79003437,2
98.75364411,92,24,58.31427768,0.432390986,-0.703629203,2
68.72489945,50,4,58.98210976,0.668005416,-0.299198036,2
57.74850501,47,8,52.18165778,1.076355755,0.950946466,2
92.53128504,97,1,67.65225375,0.322488043,-0.530545346,2
50.46256868,13,0,60.17077544,1.16359369,0.568439701,2
39.28372966,29,0,43.18652498,1.383118051,2.593617151,2
73.40999354,73,0,63.85467996,0.796566882,0.32108852,2
120.9121718,122,108,57.19917399,0.060303546,-0.680372587,2
62.86398882,49,0,53.090436,0.400047977,-1.104453499,2
79.76112661,84,22,41.71823769,1.357423572,3.654731438,2
68.00272134,76,2,55.40231965,0.267131627,-0.775843288,2
65.70267709,46,9,58.16137689,1.057675206,0.519299042,2
43.75361057,44,1,40.71887622,1.154549885,2.267920755,2
64.54446314,69,1,55.408624,0.326913156,-0.810376558,2
37.683946,1,0,46.4456299,0.761854458,-0.799807846,2
64.30974049,0,0,83.33004559,0.963219769,-0.393540438,2
120.0305745,132,30,50.86452141,-0.276602953,-0.045590302,2
64.83260997,54,13,55.10478616,0.739716539,-0.056063459,2
76.43954155,50,0,81.63855104,0.489456964,-1.249167625,2
37.04681481,3,0,49.05200285,1.487816187,2.674966911,2
35.64866849,33,0,37.96673761,1.254257861,2.177040318,2
35.43853515,32,0,38.03609612,1.251221938,2.137402432,2
69.55700779,3,0,92.75559967,0.898059338,-0.840040433,2
46.82126938,47,0,40.23943244,0.166083156,-1.416650788,2
64.28344419,0,0,82.95546201,0.955527569,-0.417212879,2
60.85129123,0,0,85.59576098,1.06453094,-0.326277693,2
53.65574006,15,0,69.56061333,1.228150581,0.33111384,2
42.72035008,4,0,54.43455731,1.081745723,0.5628668,2
32.12879567,10,8,33.73587982,1.333269839,2.29542537,2
75.9731746,71,0,67.35411627,0.779155828,-0.06745804,2
75.30468579,67,0,68.01956942,0.205972888,-1.474497564,2
34.94435556,0,0,51.58948352,1.282643698,0.729626612,2
71.69121098,66,0,64.31374303,0.222898225,-1.370003694,2
70.89924603,83,12,49.30913587,0.210341592,-0.787690536,2
72.66916414,71,10,54.56405185,0.622593937,-0.141712454,2
32.13186193,10,8,33.72501103,1.332041697,2.286879012,2
55.57698271,28,12,53.23371872,1.133347317,1.375418625,2
51.21990133,32,0,51.07952381,0.740399796,0.051552613,2
51.20480226,32,0,51.12729768,0.742430313,0.064900411,2
54.08905724,62,4,43.17089424,0.919448182,1.155380724,2
36.5378963,0,0,59.99578579,1.554093725,1.460077464,2
53.58712099,13,10,59.275763,1.524933444,1.992023988,2
59.95599508,30,2,66.41155403,0.909750113,0.097874508,2
30.73253968,1,0,48.48308014,1.649350654,2.442684841,2
56.27006455,1,0,67.04436873,0.702648766,-0.841377561,2
54.06043771,62,4,43.22959397,0.914186554,1.13755909,2
37.13558519,4,0,48.99733696,1.485525402,2.660922857,2
44.10437851,44,3,42.55799824,1.499443221,3.251467949,2
75.18901508,70,10,65.79028657,0.721441612,-0.170821991,2
46.80982371,47,0,40.21139799,0.167562581,-1.41453454,2
54.74622263,35,8,49.43133369,0.448884233,-1.115283526,2
63.36326368,78,2,48.39905656,0.092272982,-0.682205721,2
73.38656396,85,2,56.31043016,0.293200204,-0.493382833,2
35.16454321,1,1,47.2109557,1.443856547,1.791243783,2
30.64185679,6,0,36.67585326,1.371924729,2.470411856,2
59.35543629,18,12,68.39105814,1.341468589,1.057086426,2
48.34534321,18,16,43.28576931,1.284385004,1.784971291,2
69.19398463,73,8,58.11555114,0.75193768,0.101449608,2
36.88637199,9,0,39.66373914,1.043482617,1.940735509,2
39.49417517,0,0,52.78561634,0.809890668,-0.817825891,2
49.20785068,26,10,42.62090627,0.482354113,-1.39597492,2
120.0397926,123,0,75.50680841,0.06885338,-0.997272293,2
56.29402469,21,17,50.35513826,1.294492482,1.918319591,2
50.93548193,19,13,48.45695055,1.386973613,2.572856251,2
56.08239365,19,16,50.67366523,1.343022411,2.134237101,2
57.00265267,47,11,51.86377083,1.17621092,1.558263776,2
50.65237024,20,14,44.36706863,0.756162493,-0.675942971,2
36.33454127,15,3,42.23223364,1.777309205,4.067304478,2
79.30222222,81,0,70.58122819,0.737973969,-0.036783547,2
56.98701688,17,0,58.60421399,1.064826779,0.600195907,2
111.4280199,139,3,82.54131173,-0.206360248,-1.384950086,2
52.84626173,9,0,63.50503111,1.117138891,0.561531009,2
46.27208116,6,0,59.77634935,1.206106822,0.716031295,2
62.41458235,58,0,64.45959148,0.886947673,0.353797819,2
83.89422828,84,0,72.28004962,0.166365888,-1.419531561,2
38.68011852,0,0,66.89576751,1.854493017,2.572206039,2
30.76541667,0,0,58.49419309,1.970551352,3.27642709,2
93.99915825,111,7,69.60758477,0.360403383,-0.561822239,2
57.33040988,17,14,58.57408794,1.049258618,0.540456082,2
46.37722439,6,0,60.1033566,1.223122894,0.77303372,2
62.44207064,57,0,64.47061351,0.888977698,0.356630667,2
75.99625379,78,5,67.1886727,0.78860466,0.07171407,2
61.45188552,54,0,64.1578116,1.355308519,1.513239861,2
48.30962963,17,16,43.27782144,1.284851859,1.791839893,2
84.1344736,79,12,76.55004532,0.606912908,-0.739473686,2
83.45131952,73,12,76.83936355,0.625211451,-0.719315531,2
111.5526567,139,3,82.58023509,-0.201218853,-1.38344213,2
53.84774321,10,0,62.21100286,0.997891078,0.486457888,2
51.73007654,1,0,78.01573406,1.159727497,-0.133939414,2
41.85591808,5,3,60.23129619,1.839852547,3.018445541,2
95.59404345,106,41,50.66583747,0.812550503,0.888361052,2
87.16921961,34,23,74.7490845,0.554548347,-1.154822018,2
93.9587232,34,28,78.64555821,0.612727519,-1.318676052,2
88.96308829,37,14,82.59936489,0.447699334,-1.581855061,2
75.61452562,80,5,65.43868228,0.75393554,0.10753497,2
30.76134921,0,0,58.44533457,1.969010331,3.268730878,2
42.2825679,0,0,77.27592618,1.689780863,1.426617927,2
60.10006914,3,1,76.8148971,1.024059213,-0.143596851,2
56.21228401,0,0,67.07655411,0.701297017,-0.844706077,2
62.85103385,59,0,64.12883637,0.877854429,0.336280232,2
46.37738715,6,0,60.10369543,1.223122353,0.773003461,2
30.83950397,0,0,58.44557785,1.969514679,3.276175419,2
51.34200494,2,0,70.33559238,1.292721978,0.82844258,2
56.94580751,17,0,58.65460746,1.065436308,0.601953786,2
98.27910163,90,3,90.40095806,0.139198813,-1.693243099,2
32.25799506,9,8,33.58215144,1.274710981,1.900362154,2
63.33005432,8,0,77.22839497,0.802064577,-0.699407233,2
46.39767795,6,0,60.09953,1.222659866,0.772414182,2
84.16466799,84,0,72.30036036,0.173306006,-1.410567644,2
70.09357,25,0,81.52907822,0.828935113,-0.478895841,2
68.85816218,61,0,68.83908092,1.016430274,0.437163704,2
111.6189851,139,3,82.50269106,-0.197189248,-1.379142173,2
36.91138765,3,0,49.17423163,1.489610854,2.684315192,2
51.25208565,1,0,77.4948056,1.214749016,0.034115359,2
84.08853333,32,28,71.0485874,0.775000493,-0.681957773,2
85.93368626,96,1,77.85074941,0.256510809,-1.282001605,2
65.11565623,17,0,67.59162567,0.538554726,-1.194421503,2
69.84622449,0,0,92.07023426,0.69306552,-1.310218124,2
95.54237625,106,41,50.80557748,0.810662157,0.8883776,2
87.13026013,34,23,74.7540111,0.554665074,-1.153846369,2
93.94176512,34,28,78.63321774,0.612646432,-1.317840774,2
95.66341782,33,28,77.86697918,0.542341976,-1.359168258,2
34.44940476,1,0,60.77358857,1.978742313,3.418345874,2
89.68878028,36,25,77.05691827,0.600911841,-1.275401798,2
62.1542504,27,0,65.87889369,1.066097497,0.681878162,2
75.62366385,80,5,65.44641643,0.751953999,0.100623007,2
111.571801,139,3,82.62344209,-0.199995212,-1.382809525,2
83.78434343,85,0,83.95059909,0.586995749,-0.815981501,2
125.0673986,153,3,89.02970704,-0.225087946,-1.435213505,2
65.04678282,44,13,60.18614217,0.920610092,0.326938195,2
53.86245926,10,0,62.17671944,0.992039335,0.472062569,2
51.72023455,1,0,77.98670924,1.160375323,-0.131287013,2
65.08841123,16,0,67.57404284,0.538198211,-1.195204369,2
95.60578147,106,41,50.68233636,0.812946948,0.894974927,2
96.14619259,37,30,77.60845913,0.525651277,-1.364160481,2
35.43078061,32,0,38.05056831,1.24858307,2.123353438,2
56.82369414,0,0,70.97449028,0.912530381,-0.303276106,2
53.68304224,15,0,69.63284467,1.229787871,0.335066847,2
88.37072938,91,0,67.15616601,0.209758007,-0.837097535,2
32.1235349,10,8,33.7402659,1.333038997,2.294566598,2
48.07630617,11,4,57.38047713,1.455143286,1.674505065,2
98.39796567,109,28,56.64596347,0.429528701,-0.257771972,2
42.06577778,2,0,63.71938495,1.717227218,2.42506985,2
43.97853363,44,3,42.5584196,1.499702261,3.264537063,2
70.90301587,83,12,49.34005986,0.210114399,-0.789788014,2
55.7806704,50,2,52.31229724,0.339114364,-1.054972044,2
72.66355474,71,10,54.58483068,0.622147144,-0.13978808,2
120.0198069,132,30,50.86578087,-0.275483369,-0.042988396,2
75.36781746,88,1,56.70655203,0.535938439,0.262648771,2
30.74791124,3,0,54.48406764,2.482148324,6.210520901,2
69.20978536,73,8,58.05078909,0.750481371,0.098331919,2
46.75426337,47,0,40.28576395,0.162765181,-1.420346214,2
54.06905724,61,4,43.20598278,0.921537801,1.167958904,2
38.08607208,16,3,42.99707786,1.202203361,1.367568538,2
36.56780247,0,0,59.96022344,1.551099321,1.444785054,2
30.7294246,1,0,48.451755,1.645812313,2.429849482,2
38.61123624,20,0,49.90560806,1.860486907,4.153864424,2
64.84644114,54,13,55.10615487,0.739022498,-0.059411449,2
76.45589177,51,0,81.56593406,0.489500438,-1.250015837,2
32.29546667,10,8,33.64111371,1.281399269,1.936029659,2
37.14510617,4,0,48.9812945,1.481448535,2.639256214,2
35.47109976,32,0,38.03680858,1.254078879,2.150696806,2
46.81620798,47,0,40.19513856,0.166309044,-1.415367964,2
50.93494953,38,0,52.19186989,0.70129357,-0.301337317,2
39.74503726,0,0,52.6288846,0.808940318,-0.808993859,2
42.77040168,4,0,54.35016137,1.081727201,0.559055599,2
86.04949648,96,1,77.55083564,0.253686008,-1.288815131,2
48.05927901,11,4,57.3700501,1.457682634,1.682608047,2
75.35116598,67,0,68.03695581,0.206856116,-1.472703338,2
21.30948413,0,0,48.68131398,3.018843453,9.898152574,2
70.89857143,83,12,49.30404647,0.210599112,-0.788070161,2
55.79995234,51,2,52.30952422,0.33946568,-1.059057856,2
55.58602663,28,12,53.17573973,1.123689546,1.333809369,2
40.63358025,37,9,40.42467036,1.635170726,4.030541329,2
35.30139259,1,0,51.53217887,1.293773485,0.782018945,2
51.22982812,32,0,51.10305506,0.74204594,0.050966926,2
42.57734724,0,0,63.85358316,1.423015336,1.295625733,2
38.07287449,16,3,43.05880464,1.207354301,1.388462983,2
36.64798025,0,0,59.89507759,1.549713398,1.435742137,2
53.59180247,13,10,59.22897249,1.518575535,1.958820367,2
30.78240079,1,0,48.47462652,1.647774725,2.434848195,2
64.83131714,54,13,55.09536314,0.740295389,-0.055736085,2
37.22644938,5,0,48.8696168,1.479633843,2.628227476,2
47.38598476,0,0,70.14476887,1.477565408,1.293447331,2
35.47274704,32,0,38.02914433,1.25656878,2.161282214,2
46.87950421,47,0,40.19340309,0.169151376,-1.411911305,2
62.85738306,71,11,43.90320198,0.093523287,-1.342642161,2
63.43822886,77,2,48.4153614,0.09835366,-0.667938728,2
29.86293333,5,0,36.30052121,1.27996005,1.468360323,2
30.68722963,6,0,36.6550887,1.373077282,2.485472365,2
48.07154568,11,4,57.34069873,1.455995845,1.673432351,2
69.24465389,73,8,58.0860405,0.752268456,0.101510498,2
53.57765684,12,10,59.50110669,1.564423173,2.168571021,2
36.88729056,9,0,39.66118352,1.043428989,1.9395516,2
84.04141414,85,0,83.17893516,0.582085562,-0.823931185,2
56.24296296,21,17,50.32526961,1.286246699,1.876651375,2
87.67012299,73,1,87.92648824,0.425028016,-1.292789706,2
50.92965498,19,13,48.44754322,1.385478968,2.564295776,2
33.47763318,6,0,45.91099388,1.710416949,3.265636364,2
57.00148855,48,11,51.85758007,1.173537305,1.544726136,2
49.89311201,21,8,46.84745742,0.599905642,-0.799374483,2
64.75774815,0,0,83.34457584,0.952254362,-0.420063042,2
64.752,0,0,82.98250529,0.946107145,-0.437373728,2
49.81967407,9,4,70.51960278,1.660623244,1.752454494,2
51.63374029,44,7,55.24509179,1.635374586,3.041266061,2
54.7417823,35,8,49.44624521,0.449735952,-1.108299756,2
62.87449978,71,11,43.89391161,0.095674342,-1.334195473,2
39.68758336,34,0,42.61286302,1.582892141,3.273152008,2
29.84594568,5,0,36.30413955,1.275636287,1.442889617,2
78.2620425,41,0,86.08421838,0.658893105,-1.004474247,2
69.10241299,27,0,79.87898813,0.859250722,-0.392116388,2
30.67853827,6,0,36.67478874,1.376208729,2.52181743,2
69.18444084,73,8,58.12193776,0.753015314,0.102432227,2
53.58126984,12,10,59.51322631,1.566307336,2.179138178,2
36.88821282,9,0,39.64826749,1.042207994,1.933112858,2
49.22609729,26,10,42.61929252,0.482372379,-1.395626167,2
100.2334909,95,0,77.337838,0.432860661,-0.916159476,2
53.58868481,12,10,59.52907645,1.567010354,2.181003435,2
60.8203125,0,0,85.77523376,1.070983205,-0.310491266,2
56.30469136,21,17,50.38276702,1.292518446,1.90814412,2
63.34133333,78,2,48.43531203,0.088913934,-0.692492593,2
73.38291114,85,2,56.31145282,0.290365757,-0.498019574,2
29.81329383,5,0,36.29209219,1.275125538,1.445180121,2
74.49337841,57,0,75.92838829,0.577568504,-0.858932159,2
48.32391111,17,16,43.29946677,1.286139498,1.802636079,2
69.18905433,73,8,58.09213681,0.752087208,0.105041346,2
53.59115142,12,10,59.55193341,1.568999922,2.190519546,2
36.90045194,9,0,39.64857549,1.040245364,1.918703719,2
49.22201357,26,10,42.59982869,0.482282065,-1.397383929,2
53.90482254,59,23,30.1469459,1.276778352,2.980976194,2
69.57418958,3,0,92.76891187,0.893802928,-0.849469683,2
56.0849762,19,16,50.68290504,1.344158268,2.140193907,2
33.37736422,6,0,45.91415119,1.708291494,3.2500473,2
79.49108134,25,0,90.91894281,0.656600028,-1.074801352,2
50.65237024,20,14,44.36706863,0.756162493,-0.675942971,2
36.35420517,15,3,42.22149102,1.775915917,4.061239277,2
52.82691358,11,0,63.84530797,1.146930307,0.690892216,2
60.01135867,30,2,66.39856326,0.907203778,0.096932035,2
56.99650794,17,0,58.64221457,1.068931575,0.618590299,2
98.14867548,91,3,90.51299183,0.139159772,-1.692092774,2
64.75184198,0,0,85.44729975,0.982974793,-0.443587669,2
55.1976518,6,0,69.39841153,0.970610047,-0.081583059,2
52.79624691,8,0,63.58415693,1.122699116,0.588240031,2
62.76871111,5,0,77.54076813,0.803271307,-0.698813583,2
75.23702206,71,10,65.8092349,0.718678203,-0.176672464,2
62.40409915,58,0,64.54281554,0.891798225,0.37220624,2
75.85197518,79,5,67.28867751,0.799967846,0.116243524,2
71.35349355,75,0,70.85924927,0.840109202,0.165339706,2
124.474623,150,21,83.31666709,-0.083885902,-1.517385102,2
94.456291,49,21,82.182691,0.406625291,-1.417940996,2
59.52844365,17,12,68.61648432,1.338483445,1.037713883,2
94.01279461,111,7,69.79898582,0.371744005,-0.538516253,2
46.37649197,6,0,60.13746452,1.225595336,0.784186082,2
62.44231157,57,0,64.5557535,0.893040718,0.374250377,2
76.03470694,79,5,67.31050419,0.798441195,0.106093633,2
96.67161579,62,14,85.70818737,0.294694558,-1.594220848,2
112.3385513,128,19,78.10570077,0.023876471,-1.574837358,2
79.34632937,81,0,70.69684523,0.7409284,-0.03796133,2
111.5735323,139,3,82.70599668,-0.198513039,-1.377154882,2
53.8352,10,0,62.31718564,1.005384487,0.521520909,2
115.4180659,130,14,86.96670356,0.105589934,-1.446921523,2
86.49097506,22,18,82.23769896,0.73879667,-0.87012311,2
95.62525863,106,41,50.75160095,0.826159132,0.930051807,2
75.27599849,66,0,68.04382685,0.203773562,-1.478695084,2
96.17175309,37,30,77.67258965,0.529088137,-1.356857269,2
87.19216867,34,23,74.80028934,0.556614888,-1.148761667,2
62.13810445,27,0,65.98250043,1.070897975,0.700431222,2
75.63352172,81,5,65.49731053,0.758119569,0.121713842,2
124.5237897,150,21,83.3221049,-0.084064364,-1.517454075,2
94.3921288,49,21,82.25679959,0.405687647,-1.416128285,2
38.8995358,0,0,66.92688785,1.849304663,2.551073485,2
93.93070707,111,5,69.77981759,0.372535499,-0.537253689,2
60.07498272,3,1,76.9981576,1.028968378,-0.127372239,2
57.2352,17,14,58.64918771,1.051298351,0.554619928,2
55.18808012,6,0,69.40195012,0.971049191,-0.080316914,2
62.97501235,6,0,77.49498168,0.807396063,-0.685839503,2
53.55035012,21,0,59.64963244,0.985381117,0.329564408,2
60.82017687,0,0,85.77456286,1.070971295,-0.310517531,2
46.37665473,6,0,60.13780317,1.225594734,0.784155495,2
76.0555985,79,5,67.3960748,0.799319186,0.105269409,2
30.8315873,0,0,58.53731657,1.97570747,3.310324195,2
124.5078373,150,21,83.28858,-0.083379133,-1.51727015,2
98.27213154,91,3,90.49445689,0.140713265,-1.690667035,2
61.45178451,54,0,64.21201414,1.351697941,1.492638675,2
30.55342118,1,0,48.51845751,1.642090863,2.378838603,2
70.16069387,26,0,81.14293394,0.821250282,-0.499075331,2
60.50599506,1,0,85.79576259,1.00407733,-0.574232226,2
89.64756903,56,0,85.98091925,0.357494828,-1.529527185,2
66.45258792,29,3,72.56703707,0.837450722,-0.386175978,2
81.70688395,10,0,92.05646592,0.512924559,-1.42808553,2
63.24487901,6,0,77.40473884,0.805176776,-0.688932187,2
39.78599506,1,1,66.98791894,1.946815104,2.929532933,2
62.44051301,57,0,64.51784061,0.893947616,0.378514596,2
76.08822422,78,5,67.32717645,0.802217201,0.111429088,2
84.1124148,84,0,72.35863217,0.172841172,-1.412157601,2
111.5908657,139,3,82.64981424,-0.194825871,-1.375032798,2
52.97811358,9,0,63.75993428,1.124787675,0.583814433,2
53.89131852,10,0,62.31759992,1.001907303,0.503871852,2
41.85536239,4,3,60.42181775,1.846181535,3.036260167,2
86.45227513,22,18,82.26532799,0.738887165,-0.869728101,2
64.29541698,0,0,83.07382176,0.958660594,-0.404615359,2
65.11784979,16,0,67.59825181,0.538856944,-1.192441767,2
95.68048096,33,28,77.89777858,0.543245631,-1.356586714,2
89.6918058,36,25,77.06330516,0.601143434,-1.274707886,2
42.38621235,0,0,77.3558285,1.685756102,1.412523107,2
62.14792196,27,0,65.97943013,1.070064007,0.697592218,2
111.5415124,139,3,82.72810082,-0.19642146,-1.377912856,2
84.10791246,84,0,83.25844739,0.582915158,-0.829000435,2
125.1447828,153,3,89.25080508,-0.220676978,-1.431619245,2
84.12963951,31,28,71.06019763,0.777437669,-0.672490242,2
75.40573554,78,5,67.57912429,0.817344213,0.134834685,2
51.45981235,2,0,70.42903533,1.288504251,0.808093961,2
88.15659502,47,18,76.59109977,0.47575252,-1.421274491,2
18.34880952,0,0,38.08544902,2.881510914,10.32133871,2
69.13033298,26,0,79.93977398,0.861304255,-0.395076725,2
42.65545368,3,0,54.49453941,1.080738875,0.552807686,2
75.26830481,66,0,68.06808831,0.204170293,-1.478565822,2
65.04266835,43,13,60.14758452,0.921125874,0.330595753,2
98.43606961,109,28,56.66488871,0.437488043,-0.241774579,2
71.65376814,66,0,64.32342459,0.221014712,-1.373891024,2
55.73700306,51,2,52.35296945,0.336997714,-1.06398291,2
72.6790351,71,10,54.54455749,0.624651893,-0.133945139,2
55.55891473,28,12,53.27520067,1.137256844,1.397192492,2
51.18015437,32,0,51.11481788,0.741912058,0.056913234,2
56.81916087,0,0,71.01057765,0.915676437,-0.300949468,2
36.42028642,0,0,60.08234523,1.557244611,1.47779041,2
53.60179753,12,10,59.36022822,1.533387002,2.028111598,2
76.39974755,51,0,81.65542038,0.489717925,-1.248492253,2
31.37994205,4,0,40.44974991,1.231664008,1.221488527,2
71.48992091,44,0,82.68222825,1.003894796,-0.225567309,2
35.54941235,9,8,49.86447344,2.469434982,6.880947899,2
26.40752496,3,0,35.29138486,1.69942987,4.23043844,2
35.45524889,32,0,38.04033958,1.250528595,2.132567097,2
18.39047619,0,0,38.08853185,2.877294632,10.28236437,2
42.70082162,4,0,54.40800297,1.078051132,0.54532533,2
85.98262548,96,1,77.69934332,0.255876404,-1.284130164,2
66.89179259,0,0,82.87989171,0.725457886,-0.958192178,2
98.42343452,109,27,56.62361423,0.43053441,-0.253195424,2
71.65750646,66,0,64.30948098,0.222082151,-1.371706065,2
65.62633084,6,0,78.34193294,0.676702701,-1.112608214,2
70.88956349,83,12,49.29356411,0.210801565,-0.790783097,2
75.35621032,88,1,56.68784547,0.532443022,0.257022411,2
54.10703704,62,4,43.20455251,0.918042827,1.143485099,2
71.32022919,75,0,70.82381467,0.839460363,0.15492819,2
42.33848889,3,0,63.62339901,1.710324764,2.411990652,2
53.59529877,13,10,59.26275361,1.52411129,1.986965252,2
30.74253968,1,0,48.48270498,1.64826381,2.433880547,2
64.83658592,54,13,55.10321226,0.739687283,-0.057408582,2
37.11897284,4,0,48.99222058,1.482978513,2.647372532,2
35.69617415,33,0,37.93680217,1.253663126,2.169790256,2
44.0722285,44,3,42.54853427,1.505548569,3.283215677,2
30.76608615,3,0,54.47943305,2.480920006,6.204351254,2
72.92972933,51,0,82.19794783,0.938103072,-0.287942308,2
38.65068132,20,0,50.06921042,1.860917062,4.124528556,2
50.95861732,38,0,52.13409999,0.696189629,-0.316745184,2
57.59947579,15,8,64.45205883,1.205061811,0.897811107,2
65.0499546,56,11,58.39305617,0.831523462,0.255874891,2
41.44984218,28,0,52.00060226,1.869159086,3.744986893,2
76.63964107,70,2,73.74674691,0.832941779,-0.123056094,2
34.13256296,4,0,55.59608182,2.293340982,5.231302069,2
34.3001284,5,0,49.84849141,2.240222107,6.150003241,2
71.65350964,66,1,64.3214093,0.221790963,-1.371289093,2
32.49137931,1,0,62.31304029,2.200931415,4.175343838,2
39.50517857,0,0,52.78382164,0.809797241,-0.817633695,2
51.94550123,16,16,63.17075564,1.794934313,2.549396089,2
70.55649058,54,8,74.10076216,1.138457458,0.388316439,2
52.98724616,12,10,63.36756344,1.722706029,2.53070814,2
37.79379042,12,0,43.26351897,1.339896506,2.788179604,2
50.40330317,23,9,49.61569498,0.8905623,-0.171251639,2
56.76281235,53,23,47.86954107,1.855307633,4.489762509,2
57.44910617,18,17,60.30459788,1.442890868,1.738357253,2
50.94605148,22,12,51.65377374,1.506349964,2.88523653,2
55.58915153,18,16,56.82951563,1.521601389,2.266206217,2
65.59315907,5,0,78.40944319,0.677695203,-1.112124336,2
53.90406653,59,23,30.16568504,1.279755108,3.005577535,2
55.58978653,18,16,53.71499696,1.423175225,2.228363143,2
36.96664931,5,0,60.62055015,2.163588184,4.332613841,2
56.90446565,39,11,57.18831261,1.400594979,1.928980423,2
50.89715351,21,0,50.14046764,0.704342999,-0.558208001,2
50.83416522,23,14,47.1310241,0.895567884,-0.094694933,2
38.27568434,18,0,47.34414541,2.005210481,5.005799675,2
45.06069818,40,3,48.9937404,1.764339758,3.799272712,2
122.8761905,132,0,94.79909745,0.033553381,-1.560095701,2
98.58225108,57,3,100.064743,0.322117411,-1.605187344,2
98.14424242,99,0,85.94072502,0.420276565,-1.070777581,2
56.26514568,21,17,50.34123361,1.294239625,1.915196042,2
70.90109127,83,12,49.30858894,0.210574796,-0.787230314,2
108.6821692,123,3,91.96623595,0.120719109,-1.423607213,2
81.66170864,5,0,100.4194396,0.649288634,-1.349874545,2
53.90680556,1,0,86.11453973,1.286379713,0.073430936,2
53.37220741,8,0,75.28399505,1.457494733,1.060084425,2
66.0428642,4,0,89.48475072,1.00367558,-0.51526474,2
47.3245714,5,0,72.69369023,1.62315466,1.593087183,2
88.55934202,68,0,87.75732199,0.402974997,-1.348381442,2
73.51478527,1,0,97.43520878,0.836833154,-0.993310981,2
57.22752331,19,0,64.30728499,1.309285349,1.194104425,2
50.93003834,19,13,48.44896567,1.38571925,2.565646218,2
123.192004,131,0,94.85171562,0.0386029,-1.556490306,2
55.7464951,51,2,52.34869049,0.337138731,-1.064600113,2
98.40519878,57,3,100.1309781,0.33275826,-1.592509608,2
93.71546412,33,0,93.09393288,0.587846074,-1.280099839,2
98.62804714,98,0,86.74004509,0.420223379,-1.096757055,2
59.47930864,1,1,88.44947507,1.250392488,0.025340581,2
82.08507654,19,18,89.29813332,0.916032183,-0.738206503,2
66.61586173,3,0,90.03923695,0.999868813,-0.529289659,2
64.92791188,34,0,75.58685343,1.015942276,0.067839851,2
88.75291174,66,0,88.71593485,0.423522605,-1.333206153,2
55.99063799,19,16,53.33704154,1.505683911,2.504679035,2
83.73468013,86,0,83.85785056,0.586316137,-0.810563486,2
94.12329633,27,14,93.55139681,0.494772081,-1.434010027,2
110.086996,101,255,90.69663783,0.240166621,-1.530416928,2
72.67287071,71,10,54.55452185,0.622928605,-0.141821212,2
53.80472099,7,0,76.77374493,1.448477489,0.95991776,2
56.78107654,9,0,72.44891965,1.181807135,0.491136538,2
49.96247815,1,0,84.9041156,1.475546419,0.623232433,2
84.49157722,21,18,83.93541718,0.805240577,-0.786475679,2
65.80920414,21,0,71.62057666,0.700753784,-0.843755723,2
87.92125566,40,0,84.30823523,0.658035079,-1.074458029,2
95.70875776,95,0,67.87314313,0.725238846,-0.077078966,2
57.00241094,48,11,51.86270018,1.174261309,1.548404076,2
95.43674074,33,30,86.39647611,0.628408907,-1.184612859,2
86.6395701,40,0,78.09921099,0.598500631,-1.08486321,2
92.95795029,33,28,83.17179509,0.673173538,-1.212668517,2
55.58457563,27,12,53.22626694,1.138789813,1.404826657,2
94.53075027,32,28,81.34622242,0.590929954,-1.285424468,2
57.0971022,9,0,81.27221795,1.315840543,0.381674181,2
94.80700382,72,19,83.27296769,0.558428456,-1.088321068,2
89.84653756,38,0,87.05768834,0.50984769,-1.383411159,2
89.39211289,43,24,80.24930494,0.632657248,-1.161504997,2
76.03273136,71,5,73.31411235,0.912109669,0.050859622,2
49.91864672,21,8,46.84477706,0.600702909,-0.797324374,2
33.38257937,0,0,67.68664834,1.995613567,2.840106114,2
57.19704712,19,0,64.20295569,1.306090455,1.188707259,2
98.55289562,97,0,86.88603122,0.428165166,-1.092871778,2
82.1986963,19,18,89.52394417,0.914453744,-0.747577461,2
71.36853581,44,0,83.13952744,1.010978913,-0.197230669,2
40.64845432,37,9,40.3550481,1.637306001,4.051328363,2
54.07642857,1,0,86.37445927,1.286417521,0.071189562,2
66.04636049,4,0,89.97395686,1.018431657,-0.497116131,2
48.11260308,5,0,74.83549152,1.606784097,1.433651023,2
78.6972508,45,0,87.22116339,0.901752738,-0.562360033,2
50.65237457,20,14,44.36707403,0.756162427,-0.675943394,2
88.72800736,67,0,88.54706217,0.428422496,-1.322869959,2
33.70400794,0,0,68.20385736,1.99310029,2.816266211,2
73.36490831,2,0,97.70105292,0.85910644,-0.961748139,2
98.55103459,58,3,100.0446306,0.332993397,-1.590719213,2
93.94237726,34,0,93.5933156,0.587256413,-1.285713558,2
90.1425559,35,0,94.56822558,0.511189146,-1.384581907,2
35.05756049,0,0,51.55044501,1.284559941,0.738166846,2
98.6706734,95,0,87.20795493,0.42597098,-1.113666855,2
59.81471605,1,1,89.03693161,1.242576313,-0.017399094,2
82.45179259,19,18,90.05403268,0.909003634,-0.768924651,2
36.35254004,15,3,42.22667055,1.777223642,4.065493213,2
54.11777778,1,0,86.61951635,1.2953319,0.088875409,2
66.67253333,3,0,90.62123472,1.007215779,-0.531522787,2
48.16140408,5,0,74.86591451,1.605123255,1.428308962,2
64.88119411,33,0,75.7843103,1.018536125,0.057007452,2
89.00431369,68,0,88.82474429,0.43505369,-1.317244928,2
94.31233426,28,14,93.69727439,0.496054814,-1.428922245,2
56.82494815,9,0,72.88016136,1.193638041,0.499946635,2
51.21960293,32,0,51.1186805,0.741735531,0.063265198,2
50.08626649,1,0,84.99205994,1.472278959,0.61232442,2
110.9759821,103,255,95.89832961,0.28102697,-1.48880944,2
43.35474065,45,3,40.13272585,1.35443929,2.862824568,2
84.55808264,21,18,84.0629722,0.804769634,-0.787509058,2
52.42917303,1,0,81.68362493,1.236672476,0.010641001,2
66.0029468,22,0,71.51110669,0.697420388,-0.842825478,2
95.9526699,94,0,68.59778498,0.710272604,-0.131978764,2
86.65427437,40,0,78.21302779,0.601810249,-1.080867863,2
93.02836756,33,28,83.17104036,0.67208967,-1.209798385,2
94.52981186,32,28,81.34493512,0.59104513,-1.285141901,2
57.75537914,9,0,82.11619202,1.304838666,0.324737813,2
54.07801347,62,4,43.20533553,0.916041894,1.141456863,2
94.81379771,71,19,83.47076566,0.56260713,-1.084754932,2
66.90380247,0,0,82.7957398,0.721923189,-0.964141032,2
89.82953934,38,0,87.0354219,0.51361451,-1.376195723,2
89.39415009,43,24,80.25079034,0.632627058,-1.161556837,2
64.63643451,33,0,70.61674938,1.076336606,0.345944514,2
94.05296022,26,14,93.71373136,0.497905683,-1.432394927,2
109.9812355,101,255,90.61094578,0.24102341,-1.530289984,2
108.4711642,119,3,93.00192934,0.147532895,-1.438232556,2
50.00756793,1,0,85.20524431,1.473046696,0.600919357,2
81.9574716,28,28,83.82759161,1.008137528,-0.46600327,2
84.50057193,21,18,83.9915925,0.8067515,-0.783306403,2
35.21848889,1,1,47.20021308,1.444557859,1.796171501,2
54.75249769,34,8,49.44681527,0.450426892,-1.11064199,2
52.37826305,1,0,81.63215925,1.234524596,0.004398118,2
65.67199074,20,0,71.49502264,0.696559313,-0.855667634,2
87.99404977,41,0,84.32907382,0.654610818,-1.080038494,2
21.20037698,0,0,48.517208,3.039431406,10.04513791,2
47.32164404,1,0,70.11853137,1.480941947,1.289076057,2
87.74384031,72,0,87.8711086,0.430356387,-1.291613756,2
49.98615309,9,4,70.7536202,1.648264587,1.696827642,2
78.32681259,41,0,86.28294545,0.665425739,-0.996352846,2
100.4707565,96,0,77.57978904,0.427323844,-0.924819115,2
74.59759396,58,0,75.99380927,0.579472361,-0.859539475,2
94.46460143,115,0,76.29979222,0.009152387,-1.573660163,2
38.06003414,16,3,42.96936335,1.208049098,1.392204292,2
69.81916415,3,0,93.01022795,0.894406555,-0.85104315,2
76.25964286,72,0,67.50097858,0.781051336,-0.058130852,2
60.01495294,29,2,66.52589347,0.914169315,0.10132603,2
75.32306595,70,10,65.86407291,0.717041522,-0.185376078,2
59.58974359,19,12,68.8830841,1.333224821,1.014007157,2
79.46615079,81,0,70.75908493,0.736472825,-0.048805621,2
53.49417124,21,0,59.62165254,0.97456379,0.292360202,2
61.54171717,54,0,64.20014247,1.346448678,1.478405532,2
42.3874963,0,0,77.56507926,1.700431175,1.456580721,2
62.87022901,71,11,43.88632119,0.096172619,-1.344263909,2
53.85315556,11,10,72.28683091,1.688531441,1.78177966,2
36.41509136,0,0,60.06918896,1.558210636,1.481661626,2
51.50990617,3,0,70.59324729,1.296880827,0.823463739,2
34.37708333,1,0,60.41224492,1.979383734,3.462785122,2
65.12810765,44,13,60.22576079,0.921220584,0.328808007,2
78.21028896,18,0,89.1426738,0.606547906,-1.16804348,2
56.84022344,1,0,71.0780725,0.917527105,-0.297927207,2
42.36333827,2,0,64.49297372,1.717944006,2.374660078,2
42.97463984,14,0,60.43139875,1.889586274,3.357121563,2
38.6358614,20,0,50.04963765,1.860638971,4.134943075,2
39.67081222,34,0,42.64857669,1.580515604,3.265714207,2
60.83862305,0,0,86.068472,1.075130728,-0.300354567,2
51.15331708,25,0,67.05219911,1.707182156,2.194886462,2
50.9591062,38,0,52.21181326,0.709952878,-0.276015596,2
53.59367901,12,10,59.33871236,1.531389455,2.01972331,2
21.39505952,0,0,48.7674342,3.022056715,9.897408016,2
42.61551913,0,0,64.20048914,1.432278404,1.288023882,2
47.45080178,1,0,70.40625388,1.484274287,1.283924145,2
33.73423028,10,0,42.52179704,2.345650477,7.508640145,2
88.00694583,72,0,87.61803925,0.431947469,-1.281778159,2
50.00792099,9,4,70.90051006,1.648322327,1.690325484,2
78.4402497,42,0,86.14878595,0.65824169,-1.000379765,2
63.32489552,78,2,48.45460917,0.088921824,-0.697173878,2
100.2399078,95,0,77.34082238,0.432796728,-0.916094726,2
74.56639491,58,0,75.94308562,0.579368967,-0.857304074,2
69.73077229,3,0,92.74612581,0.891594409,-0.851781751,2
48.46052346,5,0,58.27691093,1.040241138,0.568088681,2
76.06712302,72,0,67.28841824,0.777881184,-0.058993078,2
60.08244966,31,2,66.48296163,0.917868728,0.121537667,2
75.35351133,70,10,65.96797889,0.716857336,-0.196630329,2
59.70252435,19,12,69.07756623,1.326321644,0.975333652,2
79.46767857,81,0,70.67427174,0.738600335,-0.03871219,2
39.26990617,1,0,67.76416038,1.840385567,2.45650585,2
29.80527407,5,0,36.29231566,1.276760302,1.443708644,2
53.74363412,21,0,59.89909409,0.986210278,0.318365255,2
61.65360269,54,0,64.33611295,1.353745394,1.50255321,2
40.18524444,1,1,67.68915193,1.927836307,2.813001909,2
42.10186949,6,2,60.6718406,1.816064069,2.888338851,2
30.68986111,1,0,48.4966083,1.647582964,2.425890795,2
42.64618272,0,0,77.89423084,1.694159349,1.429235664,2
54.18338765,11,10,72.73951,1.668275452,1.689292262,2
34.56448413,1,0,60.89554914,1.981524144,3.424502328,2
65.16793897,44,13,60.2465622,0.921993398,0.32598562,2
56.84788481,1,0,71.04023357,0.918489488,-0.297401077,2
30.62878025,5,0,36.67669214,1.368384571,2.455071121,2
42.66712099,3,0,64.1508094,1.700399628,2.32726899,2
43.0545303,14,0,60.83188571,1.888936098,3.313310248,2
30.77018229,3,0,54.48040325,2.480771603,6.203720639,2
38.67931823,19,0,50.27680679,1.859455717,4.090591601,2
51.14447991,38,0,52.54246704,0.735602388,-0.212874217,2
66.7382716,0,0,83.1158896,0.729789329,-0.945750876,2
64.84142888,54,13,55.10522249,0.740002157,-0.056027737,2
96.31556297,103,0,85.58244913,0.194919478,-1.453838998,2
65.2397182,57,11,58.42969806,0.825894254,0.258784216,2
34.28963951,5,0,50.00236637,2.243410264,6.118945624,2
30.11914031,1,0,48.19699297,1.717619061,2.83300838,2
32.57107103,1,0,62.32904407,2.195980713,4.152640342,2
52.52432593,16,16,64.55308181,1.757788253,2.318059334,2
71.000198,52,0,75.13897389,1.114290066,0.272481288,2
53.02724616,11,10,63.41184423,1.713910837,2.487014523,2
37.81696429,12,0,43.25159819,1.339140679,2.789206087,2
57.03290625,53,23,48.48979662,1.810783554,4.21718675,2
50.9749069,22,13,51.731302,1.507114939,2.873755356,2
76.41226355,51,0,81.66186061,0.489538933,-1.249046036,2
55.63670891,18,16,56.85843909,1.513846103,2.230927349,2
55.5867157,18,16,53.70371027,1.422300596,2.224780646,2
48.29477531,17,16,43.27511122,1.287340575,1.810762684,2
56.93624682,39,11,57.3194957,1.397496395,1.901086437,2
50.92121315,21,8,50.12408539,0.701290797,-0.582929218,2
50.83411548,23,14,47.13094911,0.895570659,-0.094675487,2
38.38601101,18,0,47.44114196,2.01119058,5.027691969,2
45.12642145,39,3,49.07616795,1.759387645,3.766771951,2
54.00508418,62,4,43.21921502,0.912433449,1.12588348,2
64.47342656,0,0,85.67391102,0.982941741,-0.431788116,2
79.11214443,94,13,53.85943718,0.425217874,-0.075252957,2
32.25094321,9,8,33.5751166,1.277995556,1.925831191,2
77.19850618,81,1,80.13687216,0.988884603,0.111044469,2
43.72628099,44,3,42.98019671,1.538591609,3.39665978,2
80.18454106,89,0,77.02208519,0.794033444,-0.056516478,2
32.03316919,5,0,38.58488202,0.717035159,-1.085025017,2
73.77303577,69,0,79.9645457,0.722673545,-0.477005926,2
61.36330667,79,1,53.57569166,0.236343476,-0.772087481,2
32.75185185,6,0,38.73063844,0.684293386,-1.129457177,2
77.57939221,30,1,81.59292335,0.409505791,-1.618177159,2
98.47363716,109,27,56.71141385,0.447548534,-0.21442009,2
53.6188642,12,10,59.51952658,1.546592046,2.091827927,2
33.64625826,17,0,35.78269348,0.746591223,-0.941325204,2
37.01364938,4,0,49.10093199,1.487505222,2.672948038,2
71.41232293,76,0,70.77611537,0.835963125,0.160671743,2
68.33059091,55,0,67.4545783,0.391060829,-1.207578222,2
37.683946,1,0,46.4456299,0.761854458,-0.799807846,2
43.77574967,1,0,57.55363341,0.922814514,-0.401285641,2
81.38664856,76,0,82.11403271,0.386836427,-1.320041633,2
36.75047849,3,0,44.79398524,0.891624373,-0.180857871,2
67.91067581,2,0,83.36019637,0.957251511,-0.215290716,2
63.23434826,78,2,48.4918491,0.078913569,-0.715421619,2
63.23403835,0,0,83.43949257,1.079598657,-0.005601168,2
42.27606818,16,16,38.93142854,2.220957943,6.65674146,2
120.0419382,132,30,50.85460693,-0.268786589,-0.04100736,2
30.55848058,6,0,36.70097022,1.367112499,2.450653491,2
35.63247609,33,0,37.96762022,1.250734719,2.157190185,2
50.46256868,13,0,60.17077544,1.16359369,0.568439701,2
47.02770022,30,1,48.26124313,0.600703648,-0.503833413,2
66.40128395,23,0,74.87109487,0.708517583,-0.548288531,2
51.66517362,44,7,55.53120484,1.660471895,3.159977243,2
54.74563676,34,8,49.37287933,0.446471109,-1.129957417,2
76.03727337,62,0,79.5659904,0.585233123,-0.877842561,2
62.90007398,71,11,43.84531631,0.096015627,-1.344503734,2
57.38982773,24,1,60.8228846,0.513015787,-1.046844078,2
73.32184547,85,2,56.34295231,0.285373926,-0.507640945,2
69.18806431,73,8,58.14567573,0.755683495,0.113711688,2
48.32306173,17,16,43.18533252,1.29025591,1.842352653,2
35.45337748,32,0,38.04726939,1.249812167,2.126925276,2
43.64469421,44,3,43.02268522,1.531715581,3.363619079,2
69.16968953,73,8,58.113704,0.755445051,0.119378626,2
53.66110859,12,10,59.61149882,1.576604553,2.227730788,2
30.50953996,1,0,48.54248753,1.640519143,2.368231355,2
34.93785253,0,0,68.29542418,1.759842445,1.783772225,2
53.96524351,59,23,30.10380678,1.287338413,3.01852049,2
67.53112655,78,0,64.80027234,0.463219088,-0.576405564,2
35.55274437,33,0,37.95025138,1.243275172,2.116027643,2
53.61111363,12,10,59.55452339,1.569737727,2.195661508,2
67.64541465,2,0,83.21690383,0.807053581,-0.706161133,2
50.95726177,19,13,48.47949225,1.392764673,2.608023824,2
41.94374953,0,0,59.50537544,1.35200306,1.30712543,2
44.04378506,44,3,42.56902287,1.499153559,3.251763864,2
41.13944728,36,0,47.54609905,1.454826425,2.967654667,2
48.39922963,4,0,58.34315755,1.042450914,0.582254482,2
48.06431605,11,4,57.29211759,1.455553513,1.671856901,2
58.26365874,58,0,49.63892843,0.510893954,-0.241794879,2
33.24239979,6,0,45.90626843,1.70763937,3.236250464,2
57.00429389,47,11,51.90779284,1.179904001,1.579637588,2
49.95067475,20,8,46.86079405,0.605495807,-0.768006034,2
30.54482616,1,0,48.53079699,1.642723929,2.382249225,2
50.66469723,20,14,44.36528253,0.755822295,-0.676961774,2
18.2327381,0,0,38.13700916,2.885871304,10.34776797,2
39.53993045,0,0,52.73023832,0.805079518,-0.82917983,2
46.77071291,47,0,40.25822628,0.163522595,-1.420457236,2
30.5910119,1,0,48.49852283,1.645757627,2.414695916,2
40.9802102,26,0,38.78519412,0.413287599,-1.052302499,2
53.36814936,12,0,69.87045716,1.23330084,0.343823805,2
88.08052598,91,0,67.47344611,0.200745341,-0.847087773,2
42.49819401,2,0,54.6377599,1.083922725,0.570679734,2
32.14202822,10,8,33.70310716,1.329274143,2.267964084,2
36.89729571,9,0,39.63723283,1.04318791,1.943659728,2
54.29777495,7,0,83.43755194,1.199865367,-0.326462432,2
64.84577421,54,13,55.09386069,0.740519922,-0.053597935,2
76.31329707,51,0,81.82901841,0.491590306,-1.243298297,2
56.1796574,0,0,67.10851972,0.700663563,-0.846318252,2
64.28036029,0,0,82.99762393,0.956022617,-0.4152423,2
71.60254524,66,1,64.35009381,0.220793918,-1.372806445,2
89.49389754,92,0,76.53116519,0.812083685,0.08123901,2
32.23867654,9,8,33.56777675,1.273519956,1.893255526,2
29.74265679,5,0,36.27485292,1.272807542,1.429078057,2
36.72460247,2,0,49.32019533,1.494351108,2.715386987,2
39.46943878,0,0,52.79580226,0.811260422,-0.814301809,2
35.52377267,33,0,37.9596856,1.239176989,2.094604329,2
26.37038845,3,0,35.17363949,1.688555127,4.190403604,2
35.41398283,32,0,38.07431964,1.244642532,2.106832389,2
49.2311595,26,10,42.64521689,0.483434408,-1.392568962,2
43.91635448,44,3,42.57893132,1.494038229,3.237032731,2
84.13622896,86,0,82.6890408,0.578409932,-0.82536341,2
106.8816915,124,0,77.26033749,-0.169844766,-1.192952898,2
65.40100111,3,0,78.56228224,0.678366855,-1.109922228,2
77.26138508,35,4,83.70550666,0.747320804,-0.774675864,2
46.69933569,47,0,40.3298387,0.16047405,-1.424912474,2
49.22579186,26,10,42.60271646,0.482197168,-1.39753173,2
32.14144117,10,8,33.72474047,1.331228443,2.274833854,2
52.68003275,17,10,53.90343616,1.280311683,1.360164212,2
55.54540438,20,6,55.27210185,0.729146849,-0.201078455,2
53.78478635,14,11,55.58581186,1.340507106,1.568019654,2
55.21254365,64,6,46.05656531,0.370449905,-0.628678005,2
102.077606,114,0,76.56308998,-0.088698691,-1.18599436,2
71.23734681,75,0,71.31774927,0.847950739,0.189814731,2
111.5274229,122,0,95.99719883,0.059006236,-1.553837457,2
58.07111705,68,4,45.95476265,0.429553833,0.085893827,2
53.96966019,59,23,30.12070679,1.290259291,3.031809729,2
53.93790785,59,23,30.13531252,1.284375464,3.023019236,2
31.39737717,4,0,40.43924779,1.230660797,1.216878512,2
30.52680637,6,0,36.72135938,1.363369936,2.427993556,2
30.56956049,5,0,36.67256553,1.362536907,2.410440205,2
56.35004444,20,17,50.43957957,1.316402584,2.022900676,2
56.09610367,19,16,50.749058,1.35237801,2.184331217,2
46.42841346,11,0,54.86738404,1.203859396,1.075386863,2
73.76584544,95,0,49.63063717,-0.324772256,-0.56023168,2
54.51784153,59,5,46.47992898,0.984298287,1.235341211,2
51.67230855,44,7,55.30558547,1.645353052,3.081646279,2
55.68451885,50,2,52.41122507,0.336307936,-1.065593949,2
56.30486914,21,17,50.40884317,1.302180754,1.952090836,2
57.01842239,47,11,51.89478043,1.180068204,1.578584035,2
59.43226349,54,8,45.76437254,0.064130153,-1.754890709,2
50.66168901,20,14,44.36826779,0.756100208,-0.676082327,2
36.33957996,15,3,42.21857146,1.77404097,4.045334984,2
52.90277636,16,13,56.93560384,1.631939535,2.405827428,2
43.36567798,45,3,40.13310356,1.352226085,2.856163753,2
92.58385965,105,108,40.87212612,0.056972922,-0.218113353,2
44.38030392,36,4,42.96505883,0.778338107,0.093410914,2
72.67467444,71,10,54.5514786,0.624828504,-0.135842036,2
51.33624864,41,7,55.73894422,1.681603941,3.22344232,2
67.75079432,79,0,64.4333484,0.459177214,-0.590183189,2
57.08177966,24,16,47.93644879,0.680044198,-0.904190692,2
54.83596668,35,31,33.07398782,1.096225167,-0.24443837,2
76.62212016,28,1,81.49342285,0.431417156,-1.601158779,2
95.4443048,103,0,82.68889403,0.477734769,-0.716478879,2
98.18398913,126,0,75.92375219,-0.078055492,-1.543117737,2
32.30881995,5,0,38.63942452,0.703672752,-1.103412263,2
105.7093079,134,4,75.04545894,-0.126500074,-1.282536631,2
103.3549233,105,0,91.5760203,0.239152526,-1.391343682,2
56.09677535,2,0,70.87009061,1.227096463,0.905871617,2
55.59864838,27,12,53.29848107,1.148776375,1.455557244,2
18.33662698,0,0,38.13638557,2.881433513,10.31850597,2
54.74369411,34,8,49.40364577,0.447091714,-1.122204346,2
40.64564938,37,9,40.3216187,1.638810147,4.058015184,2
63.26113433,78,2,48.4717004,0.081047838,-0.710607079,2
43.94616559,44,3,42.56366307,1.497344562,3.251600033,2
41.13913301,0,0,56.0359162,1.3889488,1.394341125,2
43.67768595,44,3,43.06057215,1.534218695,3.36583669,2
75.10700397,89,1,56.92845202,0.526036526,0.235153932,2
35.72003555,0,0,60.89939138,1.625668562,1.799188691,2
55.70235117,50,2,52.39183406,0.336814104,-1.064581182,2
42.53393665,2,0,54.60476844,1.083723033,0.569202423,2
54.75377737,34,8,49.40105305,0.447773401,-1.11994251,2
79.79215812,89,0,77.02539338,0.798861876,-0.052301349,2
62.88589972,71,11,43.89811483,0.09555769,-1.345263849,2
40.64468148,37,9,40.30821122,1.638486391,4.06047022,2
48.06660741,11,4,57.29517721,1.455780452,1.672374499,2
39.93120816,3,0,56.59306839,1.736892431,2.854149254,2
75.19776943,66,0,68.10437528,0.202245478,-1.48231734,2
49.35367178,41,4,52.00850452,1.419609156,2.376976562,2
57.8542903,60,8,51.53061026,1.0603928,1.084392866,2
65.43981408,4,0,78.52050459,0.678303554,-1.110477487,2
70.91724206,83,12,49.28005726,0.209747234,-0.796907731,2
94.45673077,115,0,76.30922036,0.009077249,-1.573686711,2
46.82834383,47,0,40.22714973,0.166692254,-1.415743611,2
82.44946433,94,0,78.89840794,0.599078557,-0.475401893,2
72.67606192,71,10,54.56094763,0.624682052,-0.136161944,2
39.66357695,34,0,42.64816881,1.578675911,3.257602142,2
77.84719612,77,10,69.41187,0.952705001,0.239245971,2
62.89469348,71,11,43.87776148,0.098216656,-1.340908923,2
67.76685429,40,1,69.12087926,0.343362868,-1.465652436,2
39.62064328,34,0,42.68298965,1.577981047,3.258697815,2
58.42231854,42,12,53.55429577,1.079836443,1.332772307,2
32.24262716,9,8,33.56224063,1.27332178,1.893639194,2
29.71865205,6,0,36.33193739,1.286794287,1.486213076,2
62.88705989,71,11,43.85897994,0.095507643,-1.343194616,2
43.78567187,13,2,48.75166594,0.937164275,0.281173808,2
34.79670123,0,0,51.63082621,1.279990842,0.717112781,2
70.59637063,76,15,55.24035582,0.825225588,0.113884704,2
63.31916418,78,2,48.4110002,0.085767119,-0.697777183,2
61.32946193,71,4,47.20709094,0.247391479,-0.793782472,2
36.23332346,0,0,60.2368343,1.564992807,1.517283405,2
27.39433134,24,0,34.53811428,1.902707203,5.49767013,2
47.02032505,0,0,62.63293958,0.951677094,-0.117561704,2
37.03303027,4,0,44.85565644,0.879921322,-0.20045717,2
75.0830081,34,0,83.06100771,0.583568508,-1.027855084,2
57.37050819,24,1,60.84229922,0.512817058,-1.048264954,2
107.888474,117,0,84.35719479,0.0571379,-1.462192188,2
51.21711626,32,0,51.15445082,0.744687805,0.077294426,2
50.04836273,14,10,54.15071411,1.040959855,-0.369558925,2
44.07397761,0,0,57.95953769,0.87587707,-0.435141596,2
73.37665767,85,2,56.30338995,0.289393632,-0.500142685,2
59.00946033,39,13,58.69353827,1.468828878,1.782095617,2
46.09771625,16,13,50.60341567,1.699936602,2.549266914,2
29.76203457,5,0,36.26860023,1.274703991,1.439304145,2
42.41385752,0,0,59.227814,1.328231098,1.275595186,2
32.38462682,6,0,38.647115,0.698606643,-1.112539552,2
63.30031841,78,2,48.48026134,0.085054833,-0.70220399,2
30.05601462,1,0,48.11532087,1.706472428,2.770921702,2
86.3350339,78,32,52.61960254,0.500136107,-1.068331461,2
54.00508418,62,4,43.21921502,0.912433449,1.12588348,2
80.7689721,77,32,45.66802739,0.394862515,-1.123106946,2
64.31997522,77,0,42.27987978,-0.090970065,-1.146233536,2
29.80073086,5,0,36.29161663,1.277445208,1.44488961,2
69.1780255,73,8,58.10994416,0.756125432,0.119705661,2
52.82305372,60,0,44.44846006,0.733802843,0.542769728,2
56.04725026,19,16,53.44538424,1.521382112,2.583401964,2
41.1608105,36,0,47.53505791,1.456849981,2.974435805,2
30.59496296,5,0,36.68602902,1.366592273,2.44527701,2
92.20701613,92,0,76.01192027,0.792935381,0.069810514,2
35.09748148,1,1,47.21097506,1.441205573,1.783013657,2
47.15166561,9,6,56.38338648,1.031656159,-0.419120578,2
71.34248383,76,0,61.82613455,0.969513033,1.142618761,2
75.27581724,70,0,66.75626592,0.770570627,-0.200595188,2
40.85485485,38,2,41.48262344,1.331742697,1.676656227,2
30.1252185,1,0,48.10969258,1.706951832,2.760472664,2
85.11270889,95,0,60.18256752,-0.002816173,-0.83579811,2
93.29965021,93,0,75.43523197,0.789711761,0.098657933,2
38.05017068,16,3,42.93776527,1.205370487,1.379236116,2
30.08944462,1,0,48.20452955,1.717767438,2.831182222,2
53.60873086,12,10,59.47282176,1.54383487,2.078170931,2
32.19800299,5,0,38.62315864,0.711134293,-1.09336728,2
48.41003457,4,0,58.32121906,1.041731294,0.57829181,2
36.18382222,0,0,60.28425921,1.566526461,1.52631706,2
40.57361013,1,1,55.45081995,1.130472648,0.276014747,2
85.11108826,94,0,80.34000183,0.668037418,-0.362753324,2
55.09585651,46,16,45.90145077,1.235366269,2.378604308,2
67.6156878,1,0,83.41646393,0.80986153,-0.696409655,2
48.34058272,17,16,43.23223298,1.286252958,1.809094864,2
69.18174798,73,8,58.07391371,0.752967302,0.106584558,2
48.31314568,17,16,43.22597909,1.285976701,1.810685212,2
53.61514235,12,10,59.55045772,1.569761293,2.195008989,2
30.54140886,1,0,48.52381616,1.642087259,2.378579878,2
39.46473639,0,0,52.80339286,0.80890542,-0.822055254,2
49.20784502,26,10,42.62091592,0.482354732,-1.395975116,2
53.93741047,59,23,30.15359742,1.287387591,3.042550361,2
56.29572346,20,17,50.38355752,1.302047455,1.954888902,2
55.98895907,19,16,53.36464024,1.510052464,2.526833379,2
33.35167448,6,0,45.87688895,1.7073656,3.237001926,2
72.90670075,51,0,82.5106744,0.941578354,-0.275658906,2
57.01253181,47,11,51.87917697,1.178376416,1.569481035,2
30.54531029,6,0,36.70861408,1.365321775,2.438755829,2
49.93162836,21,8,46.85469899,0.60166617,-0.793136335,2
36.33652402,15,3,42.22613154,1.775529854,4.056413914,2
43.36189986,45,3,40.12930394,1.354015749,2.862747893,2
30.63253968,0,0,58.60496462,1.980773674,3.336039313,2
124.4781151,150,21,83.20777993,-0.085569322,-1.5203663,2
98.1454188,91,3,90.52014243,0.13948765,-1.691952497,2
60.2594963,0,0,85.77014796,1.00012769,-0.589134756,2
89.64898146,57,0,85.9443619,0.356068302,-1.532875364,2
93.89845118,112,7,69.73304791,0.370738238,-0.533765639,2
64.31590325,0,0,83.3012796,0.962717508,-0.392453743,2
69.16446222,73,8,58.12938996,0.755230718,0.115566337,2
59.96047407,2,1,76.98224774,1.026126664,-0.132467744,2
66.47928078,29,5,72.34172121,0.834170877,-0.392996478,2
86.29821235,22,18,82.1495555,0.723686098,-0.906814725,2
111.4282985,140,3,82.69157635,-0.204675325,-1.382472745,2
81.58198519,8,0,92.08997833,0.510722087,-1.431087987,2
52.81752099,9,0,63.57686236,1.122518925,0.586930576,2
62.76586667,5,0,77.53800219,0.802049746,-0.702503353,2
62.58629996,59,0,64.23298373,0.88582947,0.371847752,2
46.27360026,6,0,59.79541593,1.207829899,0.724482779,2
62.40928752,57,0,64.54937568,0.89168925,0.372941165,2
39.66203676,0,0,52.67961481,0.804881091,-0.827241025,2
83.76939394,85,0,83.9405966,0.587834238,-0.815198882,2
75.86283721,79,5,67.26573637,0.797410406,0.108028838,2
83.83070198,84,0,72.3643373,0.164091083,-1.421655184,2
72.99757879,6,0,88.63237836,0.66165996,-1.200883169,2
56.9675485,17,0,58.68199046,1.068816062,0.617955814,2
98.22093808,91,3,90.53038003,0.14110319,-1.688878951,2
94.42273902,49,21,82.20775892,0.406830849,-1.418163314,2
60.32697284,1,0,85.85447402,1.003956673,-0.576587476,2
89.66610965,57,0,85.99157289,0.357218718,-1.530466815,2
94.01255892,111,7,69.7617886,0.368721641,-0.543570194,2
39.43902211,0,0,52.82726156,0.810826813,-0.816795907,2
62.89222181,71,11,43.88405775,0.094857198,-1.342593405,2
60.06633086,2,1,77.05645393,1.029487609,-0.126250086,2
64.73368889,0,0,83.32803273,0.953518872,-0.416473266,2
66.51214575,29,5,72.43080034,0.837416637,-0.387116032,2
57.32823704,17,14,58.59783381,1.053101253,0.560734059,2
63.06550123,6,0,77.46284262,0.803377838,-0.696227586,2
62.74903758,59,0,64.34647008,0.883217722,0.358958524,2
62.44219951,57,0,64.55773173,0.893056413,0.373464326,2
76.00995025,79,5,67.31016831,0.797296723,0.101718763,2
83.9478906,84,0,72.42667187,0.169766606,-1.415852806,2
96.65030836,62,14,85.69915249,0.294329242,-1.594759615,2
49.22579186,26,10,42.60273001,0.482197884,-1.397531021,2
112.3310522,128,19,78.10067404,0.022765432,-1.576429024,2
68.76991642,61,0,68.94498682,1.018203364,0.449622783,2
64.71640494,0,0,83.27715409,0.951420386,-0.420669407,2
72.86068279,0,0,95.85926288,0.73370759,-1.211897153,2
111.5706866,139,3,82.72324842,-0.198842531,-1.379361394,2
52.9168,9,0,63.69480992,1.128140326,0.601658905,2
53.83348148,10,0,62.31534686,1.005909714,0.521174329,2
51.20868425,1,0,77.60106331,1.218529879,0.044492086,2
84.17455802,31,28,71.02316429,0.77674173,-0.674859041,2
65.08513374,17,0,67.62991416,0.539610078,-1.191085151,2
53.94469203,59,23,30.09319516,1.282297718,3.005128073,2
69.7994983,0,0,92.17419195,0.693962155,-1.308490092,2
96.17062716,37,30,77.68010529,0.528787798,-1.356445514,2
87.19738499,34,23,74.78891227,0.5574883,-1.145402393,2
94.00832804,34,28,78.68795185,0.615348398,-1.311591581,2
79.8739358,1,0,102.7653899,0.672748702,-1.34576352,2
56.93724623,10,0,73.40781413,1.133392681,0.125484603,2
97.05135496,85,19,79.9156959,0.45535323,-1.183513412,2
88.97435067,37,14,82.59086449,0.447885444,-1.581912675,2
62.15054478,27,0,65.99656104,1.071832832,0.7028839,2
75.64232494,80,5,65.49667584,0.758295016,0.121903411,2
56.32217284,20,17,50.42569703,1.308838272,1.988514639,2
30.73990079,0,0,58.59129414,1.979495779,3.331585188,2
56.96345931,17,0,58.68763036,1.068609666,0.61675185,2
94.35223614,49,21,82.26429029,0.405881372,-1.416815213,2
93.93673401,110,7,69.7888229,0.373647873,-0.536699733,2
60.09680988,3,1,76.99858976,1.029562239,-0.124289296,2
68.97045283,26,0,80.43063825,0.871665108,-0.358146835,2
66.40692228,28,5,72.55361356,0.835985261,-0.390834552,2
86.37483457,22,18,82.29016714,0.725011968,-0.905324547,2
51.99974206,1,0,77.8071985,1.156041138,-0.134920359,2
57.26241975,17,14,58.66004622,1.050239563,0.553447884,2
29.72470396,6,0,36.32851885,1.287722234,1.490607467,2
62.9830716,6,0,77.4847749,0.807789143,-0.68505467,2
62.80271461,59,0,64.25218368,0.884014985,0.362386383,2
62.43553755,57,0,64.55334348,0.892594103,0.373361966,2
76.04673842,79,5,67.39289678,0.801076119,0.108091746,2
83.98530469,84,0,72.35916511,0.169066565,-1.416660238,2
30.81730159,0,0,58.59418339,1.978808311,3.329499249,2
60.83886719,0,0,86.06874052,1.075135788,-0.30031767,2
70.20242424,0,0,91.82931713,0.690720742,-1.30479443,2
73.13449631,7,0,88.5261364,0.663104028,-1.195636153,2
124.5002183,149,255,83.2602613,-0.086210811,-1.51898266,2
67.65366355,78,0,64.59089716,0.460366766,-0.585427343,2
98.26970888,90,3,90.48626561,0.141382187,-1.689229527,2
94.44082687,49,21,82.17673907,0.40696173,-1.415392126,2
89.67721015,57,0,85.96426505,0.35744461,-1.529718819,2
94.05912458,110,7,69.76977344,0.372619894,-0.538619569,2
60.18639012,3,1,77.00934062,1.030775847,-0.1235065,2
66.46751211,29,3,72.56783867,0.837179564,-0.387545454,2
59.81708642,0,0,93.06924524,1.181155232,-0.314965635,2
70.10094354,25,0,81.53112444,0.827526383,-0.483038664,2
86.3843358,23,18,82.30196337,0.727288462,-0.899978743,2
81.70563951,10,0,92.06736443,0.513661462,-1.426459708,2
30.67010078,8,0,41.08981574,1.850247544,4.169903578,2
52.06291667,1,0,77.74155922,1.156613876,-0.13010565,2
63.27960494,7,0,77.38967439,0.805799424,-0.687340955,2
62.87069889,59,0,64.31574343,0.888165751,0.368781587,2
46.39830187,6,0,60.13490529,1.22519859,0.783926156,2
62.44533159,57,0,64.53357433,0.893481127,0.374754082,2
76.10257478,78,5,67.33302181,0.801039401,0.103982127,2
84.10936646,84,0,72.32828542,0.172155219,-1.411953445,2
84.25935469,79,12,76.80142226,0.614230584,-0.72384088,2
83.83989899,85,0,84.05071896,0.587547734,-0.821364506,2
112.3191647,128,19,78.14415045,0.022625056,-1.575563206,2
21.10365079,0,0,48.51641649,3.042912394,10.07841675,2
111.6108657,139,3,82.62032285,-0.194675337,-1.375313731,2
52.99140741,9,0,63.72618916,1.124643025,0.58267978,2
53.89910123,10,0,62.31005525,1.001803374,0.504239216,2
51.27087637,1,0,77.60525178,1.217635024,0.04410646,2
84.13702716,31,28,71.12993924,0.778564683,-0.668693905,2
115.4899612,130,14,86.95179482,0.106989739,-1.443907527,2
86.45588057,22,18,82.26674073,0.738798689,-0.869785608,2
51.75941699,1,0,78.06406181,1.162659948,-0.121354384,2
65.1175338,17,0,67.60006856,0.539048731,-1.19257144,2
64.76693333,0,0,83.36618908,0.953894359,-0.417532023,2
47.25843455,0,0,70.22435901,1.476875952,1.287470998,2
69.84406463,0,0,92.13751648,0.694323513,-1.306630458,2
88.11957579,47,18,76.61324489,0.475302658,-1.422184311,2
95.57699347,106,41,50.83167266,0.822935349,0.924676051,2
96.16047407,38,30,77.71132708,0.528509245,-1.351937849,2
87.17555586,34,23,74.7957245,0.557983968,-1.1447871,2
93.99184599,34,28,78.67508764,0.615227967,-1.310880886,2
95.68045807,33,28,77.89789185,0.543251259,-1.356575098,2
57.08514663,11,0,73.39862948,1.130379027,0.117548786,2
97.03012087,85,19,79.92561278,0.455567495,-1.182832725,2
88.94003528,37,13,82.60564342,0.448017563,-1.580546048,2
33.6053036,12,0,42.12781903,2.328704844,7.431458882,2
68.97684248,25,0,80.54644775,0.870545766,-0.37191883,2
62.15602141,27,0,65.97108078,1.069942522,0.697074419,2
75.64146882,80,5,65.49706652,0.75669466,0.116320969,2
112.2977604,128,19,78.12301755,0.023896357,-1.575610746,2
52.93811358,9,0,63.72663425,1.126741499,0.593013209,2
53.83642469,10,0,62.28843753,0.999574382,0.505102408,2
84.12675556,31,28,71.06898219,0.776198207,-0.674816097,2
115.3882069,131,14,86.91161691,0.106490326,-1.446308674,2
86.4680776,22,18,82.25987893,0.738348525,-0.871088663,2
65.07968107,16,0,67.59081476,0.538653711,-1.193357822,2
53.56609022,14,0,69.63453614,1.230679765,0.337910679,2
39.68576065,34,0,42.64427772,1.580950494,3.265587247,2
60.84803602,0,0,86.06964882,1.075084384,-0.300232985,2
95.65132102,106,41,50.70937521,0.824894671,0.929025664,2
96.18680494,37,30,77.68131191,0.529231093,-1.35658036,2
88.31511203,91,0,67.21805195,0.208557661,-0.838939269,2
42.67004049,3,0,54.43881725,1.081588571,0.560049994,2
32.12862434,10,8,33.72406289,1.331127016,2.28241452,2
48.06000988,11,4,57.34700366,1.45560581,1.674095655,2
78.18914137,41,0,86.18177461,0.657917205,-1.010440156,2
75.29128646,67,0,68.0502389,0.205193923,-1.476568949,2
98.4060712,109,28,56.66747459,0.431099358,-0.253865831,2
71.68264068,66,0,64.32117923,0.222695488,-1.369916981,2
65.61316145,5,0,78.43434297,0.678616675,-1.108509252,2
70.89988095,83,12,49.34458462,0.210194299,-0.789432963,2
72.66634953,71,10,54.56547903,0.623325646,-0.138016231,2
55.58447625,28,12,53.22372579,1.133854716,1.382871194,2
40.62265679,37,9,40.3638642,1.634207905,4.027695304,2
75.88503968,72,0,67.38340193,0.783855246,-0.051220505,2
75.33174603,88,0,56.73847117,0.535041983,0.259184736,2
35.08296296,0,0,51.59065502,1.284589778,0.738326502,2
64.7590716,0,0,85.7639227,0.984099999,-0.434351858,2
51.20181825,32,0,51.08937273,0.738391266,0.043419904,2
54.0452862,62,4,43.19832352,0.916839451,1.143284131,2
35.25011358,2,1,47.20139589,1.446141775,1.804051344,2
36.45761975,0,0,60.03245827,1.555513209,1.465367637,2
59.93280114,29,2,66.39573476,0.902867439,0.082812834,2
53.59478519,13,10,59.30703494,1.528064235,2.010078154,2
48.46449383,5,0,58.2426662,1.039088947,0.562758953,2
64.84180339,54,13,55.10713593,0.739159626,-0.058601488,2
76.41181909,50,0,81.62499188,0.489780403,-1.248677283,2
66.8041284,0,0,83.19881762,0.731888536,-0.940201483,2
32.28278519,10,8,33.60572957,1.27914857,1.92320288,2
37.05139753,3,0,49.04790226,1.485910442,2.661684647,2
35.67005993,33,0,37.90744967,1.25132978,2.168299974,2
59.20737428,17,12,68.09584361,1.349963599,1.104823407,2
44.04005867,44,3,42.56865916,1.500627061,3.256235619,2
46.78963564,47,0,40.22382243,0.164373689,-1.418549825,2
18.39914683,0,0,38.09358968,2.877311176,10.27976459,2
53.66749835,15,0,69.54130738,1.230628212,0.341907551,2
71.19031514,75,0,71.28631209,0.848841967,0.185135012,2
88.34494677,91,0,67.16731607,0.210723777,-0.834720827,2
32.12592089,10,8,33.72973082,1.334297948,2.300767091,2
53.42705101,20,0,59.6413703,0.978901352,0.294078021,2
86.02227043,96,1,77.63704841,0.255407327,-1.2849499,2
48.05274074,11,4,57.35703028,1.458114202,1.683852498,2
98.41381914,109,27,56.60497377,0.429084141,-0.25696995,2
71.68174587,67,0,64.27046112,0.222795484,-1.36905568,2
65.66830208,6,0,78.33353698,0.676287655,-1.114627791,2
67.61283399,1,0,83.43822887,0.810648145,-0.694955239,2
55.78273561,50,2,52.33166194,0.338710616,-1.061137757,2
72.65836158,71,10,54.57713699,0.622112261,-0.140305198,2
61.28441077,55,0,64.1102167,1.357686805,1.523623933,2
40.63399506,37,9,40.39073633,1.636666477,4.042771775,2
120.0195486,132,30,50.83471496,-0.278615817,-0.050134305,2
75.36136905,88,1,56.6804996,0.53504001,0.261696847,2
51.22771942,32,0,51.07671244,0.742617944,0.056061511,2
54.10515152,62,4,43.20593339,0.913177295,1.130745626,2
35.26243951,2,1,47.23672964,1.451504871,1.815815655,2
38.0423712,16,3,43.04361381,1.206025362,1.389812221,2
39.3469037,1,1,66.2210502,1.973743662,3.084539105,2
36.55922963,0,0,59.94990084,1.552435089,1.448534571,2
53.60294321,13,10,59.27467992,1.52094877,1.97190109,2
30.73813492,1,0,48.48140985,1.64910975,2.440758181,2
64.83125558,54,13,55.09888858,0.740204758,-0.0549974,2
76.47800811,50,0,81.56751881,0.488696596,-1.251176073,2
32.28713086,9,8,33.61876615,1.279982659,1.941107434,2
37.18311111,5,0,48.92189846,1.484796847,2.659536626,2
80.11031625,14,0,92.25293065,0.640616505,-1.095535593,2
42.03814321,0,0,76.97653955,1.689149287,1.428131439,2
35.45243618,32,0,38.03019737,1.253339296,2.145682771,2
44.08505282,44,3,42.56037574,1.505575274,3.292894414,2
46.85301815,47,0,40.20306556,0.168392383,-1.414343762,2
51.31984733,41,7,55.6629857,1.675049407,3.192254151,2
54.74761024,35,8,49.440441,0.450774249,-1.105799059,2
62.86516797,71.5,11,43.8892676,0.093357553,-1.342221329,2
73.41721591,85,2,56.29837214,0.293206135,-0.492667754,2
52.92310123,11,10,70.84359314,1.758104533,2.107690116,2
64.76590617,0,0,85.91876505,0.990277928,-0.423041153,2
29.84375309,5,0,36.29403871,1.276810925,1.452682654,2
48.34451358,18,16,43.33921563,1.285134154,1.794245986,2
69.22261603,73,8,58.08217258,0.752536686,0.102091504,2
53.58681784,12,10,59.52004635,1.566394682,2.177853504,2
39.49435374,0,0,52.78192317,0.809767686,-0.818392824,2
53.91506844,59,23,30.15570977,1.27313364,2.970244794,2
56.25902222,21,17,50.34488902,1.291260396,1.905110498,2
67.21150249,67,2,66.03675686,1.01718217,0.724124981,2
63.36945274,78,2,48.38947546,0.089848919,-0.689454633,2
66.67623513,0,0,83.34858239,0.729872548,-0.955512766,2
58.3242709,58,0,49.57779738,0.513078006,-0.241007642,2
33.43342877,6,0,45.90162948,1.709127406,3.255724788,2
49.90684613,21,8,46.85077007,0.601112799,-0.794039562,2
36.35338223,15,3,42.21902745,1.777059061,4.067375561,2
43.35214745,45,3,40.13282428,1.354750409,2.865455232,2
51.31355144,41,7,55.76370161,1.678595663,3.211129222,2
88.27623947,91,0,67.23923732,0.208997699,-0.837494818,2
54.73934628,34,8,49.42330347,0.449144546,-1.111247695,2
62.87587854,71,11,43.88136387,0.096382649,-1.337671518,2
39.66781142,34,0,42.63462616,1.580955249,3.268100795,2
63.34716418,78,2,48.44611157,0.088930889,-0.695905983,2
73.38465814,85,2,56.29067009,0.288923539,-0.501015206,2
30.63565432,5,0,36.68186423,1.373332549,2.496800621,2
30.14965041,1,0,48.20861011,1.71815865,2.823725916,2
48.31138765,17,16,43.26353382,1.282866212,1.784612865,2
65.02138804,43,13,60.07630509,0.92247653,0.335512033,2
53.59123709,12,10,59.54135947,1.568903051,2.191403888,2
30.53598951,1,0,48.53042284,1.642731614,2.382129648,2
64.46330814,0,0,85.70044178,0.984355056,-0.428993078,2
39.45873299,0,0,52.81233765,0.810531706,-0.816776788,2
49.22624434,26,10,42.61921623,0.482373039,-1.395622618,2
53.92286726,59,23,30.13035831,1.269671838,2.960765042,2
51.64925876,44,7,55.41084711,1.651395674,3.112812605,2
35.41777778,9,8,49.5170166,2.497851936,7.097811459,2
51.34798982,41,7,55.82535088,1.68875388,3.258653584,2
54.75177305,34,8,49.37820518,0.44617499,-1.126242525,2
39.64202676,34,0,42.66703574,1.577340106,3.255845348,2
68.94497361,26,0,80.37015489,0.867789065,-0.364724569,2
53.49186957,13,0,69.71833775,1.232245652,0.342224244,2
73.3639522,85,2,56.31260004,0.287233789,-0.505593983,2
29.77515062,5,0,36.28253126,1.274554081,1.432708066,2
30.09496663,1,0,48.11750982,1.706674442,2.765728933,2
31.59535903,4,0,42.95133793,1.588674619,3.065735486,2
69.16178917,73,8,58.09288293,0.752218343,0.107538154,2
53.61829932,12,10,59.58407646,1.572215727,2.20634453,2
30.53402197,1,0,48.53394491,1.641203523,2.373389323,2
39.44431122,0,0,52.81576689,0.809199491,-0.821965743,2
88.20904179,91,0,67.34818519,0.206474252,-0.841129844,2
49.2243552,26,10,42.5976037,0.482344985,-1.397347536,2
56.3001679,20,17,50.42483312,1.307615807,1.985653697,2
33.76675556,4,0,54.88823785,2.334636123,5.516386542,2
50.94747536,19,13,48.46734525,1.389855032,2.590374171,2
56.01966074,19,16,53.40815258,1.515341146,2.553711985,2
33.29773555,6,0,45.90323733,1.708091673,3.244146276,2
57.0126145,47,11,51.88051598,1.178629602,1.570844304,2
49.93336755,21,8,46.85361786,0.602742417,-0.787173986,2
42.57944352,3,0,54.5358894,1.082005297,0.563773115,2
43.36026825,45,3,40.12089065,1.353528181,2.860723135,2
30.62434524,0,0,58.72522692,1.988552554,3.38018799,2
41.74793086,2,0,63.28986615,1.724060929,2.490536163,2
62.65382716,5,0,77.79247357,0.808116249,-0.683000263,2
46.26896159,6,0,59.84116442,1.211462812,0.741614713,2
62.41489052,58,0,64.65417333,0.897766222,0.396856298,2
83.78353895,84,0,72.41495998,0.163183664,-1.423223183,2
94.05013468,111,7,69.99304976,0.381897314,-0.516597879,2
62.73111878,58,0,64.50967007,0.892832491,0.39523504,2
52.90680494,9,0,63.79363958,1.132908705,0.623904513,2
30.25409614,3,0,53.31347207,2.52035219,6.537813593,2
53.84254815,9,0,62.45932285,1.01537077,0.563364508,2
51.75409256,1,0,78.17581115,1.166196908,-0.107611423,2
95.67024113,106,41,50.83035273,0.839374031,0.981916207,2
56.95136214,10,0,73.5736102,1.140608788,0.152673372,2
62.16228247,27,0,66.10145751,1.077305585,0.725333841,2
30.73412698,0,0,58.70322408,1.987611442,3.377755359,2
57.01394306,17,0,58.70166295,1.073439182,0.640785264,2
85.92773554,96,1,77.94318701,0.25899611,-1.276918242,2
38.69935454,20,0,49.77068957,1.845543097,4.105337926,2
60.09931852,2,1,77.24408958,1.036809222,-0.099131572,2
66.43794157,29,5,72.6285442,0.840282315,-0.373242337,2
52.00793651,1,0,77.94829646,1.160347163,-0.119039041,2
55.22283951,6,0,69.43435805,0.974185403,-0.066401406,2
62.90587654,5,0,77.7168745,0.813165819,-0.667209455,2
62.76370203,59,0,64.43437582,0.891769341,0.391912089,2
62.43807571,58,0,64.65178372,0.898760018,0.397738581,2
50.76220056,38,0,51.97726316,0.681616898,-0.361842358,2
48.05694815,11,4,57.33116737,1.456209932,1.675732005,2
83.91778104,84,0,72.38812872,0.167518007,-1.418789011,2
57.00712522,17,14,58.69976408,1.073394313,0.641393605,2
94.10390572,110,7,69.98866511,0.384139566,-0.512363157,2
60.20375309,3,1,77.2580023,1.039171036,-0.095080434,2
63.19391605,6,0,77.6032815,0.810825938,-0.671019898,2
62.84220344,59,0,64.48925873,0.89682356,0.402657289,2
46.39122179,6,0,60.19608976,1.229433358,0.802746468,2
21.25869048,0,0,48.66593427,3.023949435,9.926267168,2
73.39990471,85,2,56.28430773,0.292813177,-0.497414742,2
75.23874277,66,0,68.07665156,0.202895682,-1.480311588,2
76.12669719,78,5,67.55329382,0.811497762,0.141153281,2
84.04558134,84,0,72.36761629,0.170679899,-1.414018555,2
53.89039012,10,0,62.44303941,1.011522792,0.547569575,2
51.76723967,1,0,78.15559352,1.166326572,-0.106236732,2
65.11747134,16,0,67.61720363,0.539977147,-1.18847512,2
87.20276287,34,23,74.85624077,0.560527102,-1.137286463,2
42.58658718,0,0,63.8052548,1.417703549,1.275264455,2
94.08065969,34,28,78.72922986,0.618760262,-1.301399923,2
89.70311635,36,25,77.0886732,0.602109749,-1.271816803,2
62.1597896,27,0,66.0847473,1.075714089,0.719834641,2
75.66398868,81,5,65.56994039,0.762528443,0.135801609,2
84.32860314,79,12,77.10008468,0.622613148,-0.697522841,2
68.76740464,61,0,69.04516476,1.022925539,0.467684449,2
52.91207901,9,0,63.817382,1.132404839,0.620345123,2
53.83648395,9,0,62.45332581,1.008361857,0.542858977,2
42.63781059,3,0,54.49638919,1.082093863,0.563739737,2
84.16837531,30,28,71.18826686,0.783257955,-0.653129639,2
75.42452893,78,5,67.82225998,0.827232161,0.166289802,2
71.62551203,66,1,64.32640534,0.221751679,-1.371159828,2
115.557441,130,14,87.22717524,0.113872508,-1.437646056,2
86.54157722,21,18,82.40641181,0.742934322,-0.859193255,2
51.73173773,1,0,78.16720725,1.166493145,-0.105956693,2
88.15792986,47,18,76.59618721,0.475990981,-1.420629859,2
89.87209995,84,0,76.78581333,0.533471872,-0.678000047,2
95.7066091,106,41,50.81209011,0.8390228,0.974580949,2
96.2460642,36,30,77.78220454,0.534715119,-1.343328513,2
18.30019841,0,0,38.09012443,2.882984116,10.32908995,2
65.5165263,4,0,78.4569769,0.678553915,-1.109733183,2
53.47646907,13,0,69.78955719,1.232482702,0.342582309,2
42.59111296,3,0,54.53392713,1.082258577,0.562084282,2
32.14132779,10,8,33.70508684,1.329745921,2.274510013,2
85.9082514,96,1,77.99538271,0.261242345,-1.276227648,2
47.34752322,0,0,70.08519797,1.475841958,1.288494992,2
75.23591976,67,0,68.09056929,0.204047395,-1.478051392,2
98.44681739,109,28,56.70088761,0.439964505,-0.235455152,2
71.65036787,66,0,64.33156548,0.221572043,-1.371972389,2
60.86854384,0,0,86.05037804,1.070640545,-0.311356825,2
70.89406746,83,12,49.29040189,0.210869342,-0.789956962,2
70.90375,83,12,49.32678811,0.210126677,-0.793948696,2
72.67291035,71,10,54.55048427,0.624951641,-0.134144859,2
33.60777526,10,0,42.09639578,2.334535443,7.513751244,2
55.57841383,27,12,53.28825953,1.141044435,1.417852395,2
75.25936508,88,1,56.79888943,0.534249042,0.254362519,2
54.02676768,62,4,43.22602943,0.912896037,1.128490329,2
35.17165432,1,1,47.19323624,1.443023979,1.785457785,2
38.00412797,16,3,42.98597655,1.202526152,1.371982371,2
55.71468287,51,2,52.37464454,0.337465964,-1.063193476,2
53.61702716,12,10,59.41973516,1.536277292,2.046805558,2
48.43672099,5,0,58.29452331,1.041621585,0.576328929,2
87.64767345,73,1,87.84197238,0.425433726,-1.290712474,2
64.85216651,54,13,55.10010087,0.73980956,-0.056303147,2
31.39717309,4,0,40.4444966,1.231030086,1.21865751,2
36.89742222,3,0,49.16411465,1.492045212,2.6969768,2
26.39767795,3,0,35.29443754,1.69956042,4.229989901,2
35.43636119,32,0,38.05251716,1.248930333,2.126666789,2
46.7596411,47,0,40.26818298,0.162784854,-1.421114936,2
49.65408395,9,4,70.36562689,1.670109571,1.789368577,2
71.38180407,76,0,70.84193542,0.836997817,0.163373114,2
64.45077349,0,0,85.48779054,0.980504256,-0.440813602,2
42.65650552,3,0,54.45310683,1.081356187,0.560371666,2
32.13873016,10,8,33.71330631,1.331823135,2.286488916,2
48.0482963,11,4,57.3508161,1.457511455,1.682869595,2
55.5954681,27,12,53.24129972,1.142793253,1.425645395,2
78.29438779,41,0,86.14042381,0.659273202,-1.004796896,2
71.65702923,66,0,64.30209425,0.222336231,-1.37024587,2
65.58890831,5,0,78.38389351,0.677392491,-1.111492755,2
72.65806426,71,10,54.56843287,0.623303579,-0.138686527,2
55.59616378,27.5,12,53.21619371,1.136003638,1.390171474,2
40.64667654,37,9,40.3611756,1.635259956,4.0448806,2
100.2286832,95,0,77.3221426,0.435166211,-0.913892697,2
40.64618272,37,9,40.33146918,1.637368689,4.056201984,2
35.07674074,1,0,51.58548152,1.286754847,0.750984528,2
54.09585859,62,4,43.22977061,0.914178198,1.136344424,2
38.02992776,16,3,43.01621778,1.204233153,1.377208788,2
53.59762963,13,10,59.31841839,1.526885152,2.001055293,2
48.46095802,5,0,58.25789494,1.040887049,0.570332367,2
74.49496918,58,0,75.92684248,0.578769886,-0.854868338,2
29.83683951,5,0,36.29055376,1.276244175,1.44768435,2
35.00894928,10,0,40.58262302,1.218682254,1.597244869,3
35.22869492,9,0,39.79810021,1.079796218,1.150106844,3
34.32416916,4,0,44.66301262,1.199344152,0.616271353,3
37.09400177,4,0,47.21901812,1.137869648,0.528287898,3
35.63535309,4,0,43.37676635,1.041304054,0.388035153,3
31.19983673,4,0,43.042552,1.48565856,2.195738005,3
29.76530838,4,0,41.26227845,1.462266828,1.987334302,3
30.57638931,4,0,42.49990559,1.393888873,1.569244497,3
39.75312805,6,0,49.78963764,1.163453018,0.491964108,3
29.9525032,3,0,43.32674261,1.354571782,1.018691217,3
32.47699356,4,0,49.11300052,1.388974888,0.860779333,3
32.94108582,4,4,53.18368765,1.565979957,1.307028398,3
32.60462952,4,0,43.34909411,1.2948684,0.990004739,3
28.70013809,4,0,45.24306969,1.69600798,2.16802799,3
26.89041901,4,0,45.90544262,1.856311675,2.526027552,3
29.79322815,4,0,41.30065426,1.395290338,1.504590615,3
41.75357819,7,0,49.83251274,1.092622754,0.455820288,3
29.44446182,4,0,41.61517875,1.384361811,1.272873377,3
32.33650208,4,0,47.32192276,1.388861097,1.000921209,3
33.90697861,3,0,49.23679266,1.369321138,0.787285554,3
27.72864914,3,0,40.5508161,1.425734075,1.079631447,3
30.21702957,3,0,43.67552576,1.449046275,1.274613697,3
42.4917717,8,0,49.83955482,0.971310263,0.017487542,3
36.26315689,4,0,46.58946372,1.201270732,0.892229349,3
34.19232559,4,0,44.71161751,1.221615736,0.849658841,3
42.27781677,10,0,48.20351456,1.03227001,0.457576492,3
26.01218414,3,0,39.86260196,1.664185887,2.312815116,3
27.52973557,3,0,41.46987411,1.664712748,2.522722416,3
28.50940704,3,0,40.54538411,1.527979876,2.205898053,3
27.95801544,3,0,44.2799346,1.652035338,2.084504699,3
30.5953331,4,0,51.87946345,1.753129962,2.085769397,3
26.74655151,4,0,49.8641642,1.962384389,2.690149762,3
33.61822891,4,0,45.09542671,1.341203933,1.335460644,3
42.8095665,21,0,47.03181462,0.974494992,0.355026034,3
32.24575424,4,0,43.98287773,1.279282125,0.8445388,3
37.38154602,5,0,52.64996332,1.231464466,0.336329206,3
30.28742218,5,0,48.68102365,1.762417378,2.272880445,3
28.25688553,5,0,48.53430017,1.868882531,2.385065711,3
30.63022614,3,0,52.1909789,1.754594489,2.045454485,3
38.67266083,4,0,48.63827314,1.15081543,0.90667046,3
36.13026428,4,0,46.22023602,1.163883107,0.895714527,3
35.07913208,4,0,45.36516338,1.181629005,0.90684787,3
42.02007294,26,0,45.44033726,0.921212372,0.226868746,3
35.85848236,3,0,48.8012766,1.21356909,0.646866881,3
35.14225006,3,0,50.17839656,1.284778148,0.675212683,3
35.00118256,3,3,53.34658385,1.412057042,0.889077907,3
41.22882843,5,0,55.22574278,1.213052071,0.426236188,3
34.23967743,5,0,44.52461784,1.222882288,0.747195245,3
31.32135391,3,0,41.60248421,1.185538177,0.808794651,3
34.64768219,3,0,48.83078526,1.259203916,0.71445799,3
39.56235123,25,0,41.99441332,0.885389965,0.218431,3
28.62825012,3,0,42.31125332,1.326348968,0.730601779,3
30.38800812,3,0,47.74194476,1.433950471,0.871145288,3
29.3321991,2,0,41.57602148,1.435913129,1.672692354,3
31.14347458,3,0,45.66209675,1.471703982,1.597469186,3
28.00087738,2,0,42.80259609,1.511919555,1.496619218,3
31.44498062,5,0,39.08497832,1.245656031,1.081281982,3
31.60926056,5,0,38.73240521,1.266635772,1.374828164,3
31.19209671,5,0,38.78187233,1.317703187,1.519035762,3
45.7555275,36,0,45.24351065,0.847679097,0.33891989,3
30.5071373,5,0,37.51535313,1.344884329,1.827147968,3
31.92649078,3,0,43.40841274,1.481334128,2.551938801,3
30.45086288,3,0,42.10793102,1.457166252,2.268533175,3
32.38246918,3,0,46.00410248,1.369649927,1.519438448,3
32.58187485,3,0,47.78898438,1.354393012,1.187500807,3
31.72783279,3,0,48.61959341,1.382799617,0.956508531,3
30.46236038,4,0,46.27755397,1.515568453,1.627223327,3
41.46120834,34,0,40.62501942,0.883669646,0.512440713,3
29.60440826,4,4,49.87128124,1.674959481,1.635749874,3
32.51836014,4,0,47.68539547,1.413142106,1.253983806,3
31.12126923,4,0,47.47311889,1.470318435,1.188506747,3
31.54600143,4,4,50.4802897,1.552280309,1.232996326,3
30.35855103,5,5,53.01220099,1.823726095,2.158235416,3
31.0843277,3,0,43.75313822,1.423819414,1.412225727,3
34.42588425,4,0,51.20327005,1.503551528,1.305491909,3
32.86764526,4,0,46.56519128,1.404499407,1.203917518,3
46.25561905,38,0,45.15420653,0.891493337,0.556524168,3
31.38010025,4,0,43.01171411,1.493053389,2.274530606,3
27.77576447,3,0,38.0355339,1.503765183,2.416199092,3
33.24870682,4,0,41.41128682,1.066497213,0.541991046,3
36.78675842,5,0,48.50692589,1.09876733,0.137523289,3
36.89619064,5,0,50.84934827,1.152096178,0.076627166,3
36.95735168,5,0,54.34498849,1.313390622,0.399835926,3
40.24284363,7,0,51.28714209,1.175897783,0.372403189,3
28.38129044,5,0,45.04058186,1.680141299,1.954013058,3
40.35786438,8,0,47.65082969,1.129809357,0.586876815,3
33.61384201,6,0,42.32999349,1.157263752,0.413454919,3
25.97840881,5,0,38.95766694,1.580994883,1.952286915,3
34.93582535,7,0,41.89271063,1.151425275,0.60589992,3
31.707901,6,0,39.27904177,1.274665089,1.037343055,3
31.94462204,5,0,40.95069959,1.389691774,1.404798011,3
35.61637115,6,0,45.03155683,1.329395628,1.318330755,3
32.87601852,5,0,42.8989679,1.484007219,2.038235565,3
40.65482712,15,0,44.27003336,0.915997003,0.256882488,3
40.9109993,17,0,44.35153431,0.947432728,0.389407862,3
36.56017685,13,0,40.18406151,1.018200838,0.635259514,3
37.03469467,11,0,42.14510816,1.105989242,0.810885157,3
26.71960831,6,0,45.55056181,1.870314255,2.429737505,3
36.73510361,10,0,42.52870072,1.171918851,1.013683822,3
34.61741257,8,0,40.00132416,1.156180246,0.937727763,3
37.74035645,10,0,42.83823278,1.110290086,0.871096319,3
36.3572197,10,0,40.9206456,1.08386083,0.809269093,3
40.04161481,5,0,53.44344251,1.425428132,1.474919099,3
35.90852737,5,0,48.68205,1.238000583,0.399179863,3
40.37570953,5,0,52.13305193,1.121020913,0.128996358,3
35.74679184,5,0,42.66481838,1.002626808,0.124704482,3
35.58395386,6,0,41.52927544,1.00705222,0.268467728,3
35.23193741,7,0,39.77900333,0.941631727,0.078418593,3
26.27931213,3,0,37.96579301,1.444785544,1.566255874,3
38.71820068,11,0,42.72037782,0.876745984,-0.085568566,3
51.20396042,46,0,49.02478249,0.891904304,0.395898992,3
52.93872833,50,0,49.87044211,0.900715093,0.532768158,3
48.98044968,48,0,44.91347156,0.851757682,0.525748372,3
48.46299744,48,0,43.72137592,0.830383435,0.50051545,3
45.42803192,44,0,41.01860798,0.841525112,0.5140329,3
34.85947418,35,0,30.87402214,0.900881923,0.944478738,3
43.55834341,8,0,48.67677379,0.792516733,-0.475906063,3
43.04586896,6,0,53.7908975,1.240877322,0.874639845,3
44.5449028,45,6,38.67137229,0.857174637,0.612581669,3
31.88749313,3,0,43.23672806,1.36268751,1.573162413,3
47.68740463,48,7,40.82517014,0.821848779,0.432890917,3
45.02998734,45,6,38.6633066,0.786410413,0.29454822,3
42.54530716,43,6,35.70275883,0.784832563,0.373279869,3
45.82899094,48,7,36.89466198,0.746971953,0.449694994,3
48.13826752,50,7,37.99064884,0.753593278,0.65453962,3
45.39000702,48,7,35.22583513,0.752749448,0.863064768,3
44.74899292,28,0,47.422709,1.054784991,0.607051143,3
40.99349594,24,0,43.74290522,1.060864578,0.70026905,3
45.45310593,27,0,48.12347004,1.0730533,0.684464827,3
39.65066528,23,0,42.0903257,1.065827967,0.703427619,3
31.41554642,3,0,43.07602714,1.276682925,1.029756175,3
43.37685013,28,0,45.95308517,1.095429527,0.810882764,3
44.29418564,31,0,46.3975655,1.048902484,0.702382148,3
41.58730316,27,0,44.28547789,1.110933334,0.8687045,3
39.48725891,28,0,41.26683891,1.045092787,0.699879323,3
48.1186142,7,0,56.50032893,0.894948885,-0.322209681,3
44.56327438,8,0,50.53689845,0.850653593,-0.340578029,3
43.44121552,20,0,46.87077472,0.784370906,-0.388004941,3
50.20021057,37,0,52.01207615,0.692583523,-0.470839248,3
50.40143204,37,0,52.20342508,0.718499085,-0.373876299,3
36.87883759,26,0,38.47311561,0.796474571,-0.007309848,3
28.49715805,3,0,41.01449328,1.343864807,0.957510888,3
34.33179092,7,0,39.06910671,1.033335342,0.544482408,3
39.98056793,11,0,44.76937996,0.962815848,0.316196012,3
37.08181,12,0,41.24305775,0.992809197,0.516485661,3
41.83496857,9,0,47.52854449,1.010915435,0.469145678,3
40.8108902,7,0,47.19466341,1.050453605,0.56347446,3
39.43355179,6,0,46.62582513,1.047474265,0.4817539,3
42.94153976,12,0,48.20221637,0.974066709,0.187433904,3
42.93499756,13,0,48.45728869,1.008183579,0.296393248,3
38.06360626,18,0,41.90196464,0.937038004,0.274340063,3
34.26700592,18,0,37.39472207,0.972960996,0.506563577,3
31.45959091,4,0,47.53860768,1.371632069,0.693527099,3
38.01334763,24,0,41.15587907,0.968942447,0.565921861,3
52.19631577,46,0,52.46401558,0.674885095,-0.48780793,3
53.27596664,49,0,52.88453688,0.646856209,-0.451764036,3
41.79005814,35,0,41.24446794,0.684392612,-0.347342418,3
49.80505753,43,0,48.48143849,0.659048204,-0.405382046,3
45.72799683,18,0,50.40013314,0.988121521,0.126813791,3
53.22294617,40,0,54.40814371,0.769705347,-0.410468029,3
33.06393814,3,0,47.02128117,1.372457332,1.213488294,3
31.04374313,3,0,45.37245047,1.424683777,1.318472616,3
30.39027023,3,0,46.55688564,1.502766711,1.382511971,3
28.97997665,4,0,48.5640773,1.667059501,1.544941026,3
32.29728699,4,0,52.61771296,1.630676183,1.57889041,3
33.36450577,3,0,47.27856153,1.353872529,0.948400559,3
35.47123718,3,0,48.10545214,1.279896665,0.923095332,3
33.56240845,3,0,45.39344774,1.353797993,1.395020178,3
33.89541626,3,0,46.0286617,1.407816449,1.705665675,3
27.39194107,8,0,47.89932028,2.240855015,4.121029747,3
35.44016647,8,0,44.27023704,1.232852783,0.883049256,3
33.68971252,7,0,40.66738067,1.241003166,1.245926195,3
36.27272415,8,0,42.42702174,1.178301844,1.215002451,3
32.62973022,8,0,38.82986627,1.266078382,1.546086047,3
80.98409303,76,10,50.9298324,1.231693192,1.756230769,3
75.41096703,88,7,63.27047683,0.285796756,-1.072626146,3
79.7834963,62,255,74.49866536,1.505789293,1.055213491,3
118.1542225,122,139,61.0679708,0.379487785,-0.065767168,3
63.02588858,52,14,50.81310329,0.855853399,0.132581145,3
105.5518497,109,20,55.27024278,-0.120540463,-0.871381711,3
82.9358682,89,3,69.62474884,0.478049545,-0.558831992,3
85.89628181,66,0,90.8529495,0.848877916,-0.652718711,3
86.58933984,82,0,77.64818592,0.572876751,-0.68027247,3
58.06295343,50,0,60.84130217,0.623394673,-0.508766844,3
103.1305936,113,9,70.99559653,0.063723581,-1.147738483,3
75.04246934,72,0,73.69146557,0.468424806,-1.006236919,3
65.10290764,78,4,52.41955704,0.561398935,-0.225032395,3
33.07736434,8,0,39.02950231,0.944276326,0.049274773,3
73.14184745,74,0,70.67873005,0.778481203,-0.215146238,3
87.7822335,105,0,77.39447803,0.201563113,-1.170661252,3
105.2669544,100,255,77.50123939,0.489896883,-0.948911389,3
78.81461142,66,22,63.98782177,1.131584233,0.531222595,3
38.38440976,43,3,34.83950488,0.93864285,0.752720701,3
83.53703341,89,0,65.73457767,0.394353587,-0.498184543,3
70.95826367,71,22,47.99631482,0.900885709,0.89373487,3
73.84580286,77,3,53.30713287,0.677968131,0.305445662,3
72.55882572,71,84,42.01267836,0.725804933,0.846027127,3
31.66991031,21,1,38.4309107,1.860041834,4.227036848,3
50.55133333,16,11,53.52629967,1.26157969,0.772885249,3
91.47214746,102,0,70.85253099,0.40724363,-0.483107891,3
80.43756323,75,20,52.01192173,0.685289849,-0.358659005,3
109.1653808,93,13,62.62023396,0.638728199,-0.240324289,3
92.40004043,103,13,59.99955784,0.59286751,0.325182316,3
72.47622425,69,0,64.29658088,0.554141407,-0.564679782,3
81.04013431,76,10,50.87052832,1.242202372,1.778106679,3
52.94749601,55,8,41.24119621,0.573494449,-0.618334634,3
59.074673,82,0,53.89767235,0.501967989,-0.253343465,3
62.93891923,65,0,56.49119331,0.509339189,-0.645227051,3
50.81580618,34,0,60.50324456,1.41514758,1.719929009,3
55.00072031,42,0,61.49431881,1.35737977,1.401361164,3
75.41096703,88,7,63.27047683,0.285796756,-1.072626146,3
52.74888413,0,0,76.12909034,1.185773626,0.30157157,3
54.10811618,2,0,65.0277992,0.593629927,-1.353526054,3
65.52515346,17,0,82.55583801,1.016693959,-0.322581655,3
73.62826861,32,0,82.69928771,0.660315035,-1.087593804,3
90.59580216,93,0,77.94260731,0.415459175,-0.849586533,3
93.31691472,99,12,69.87178254,0.691136344,0.062113328,3
95.22033772,97,0,75.47531354,0.38436333,-0.787266868,3
61.24895443,62,0,60.94921318,0.544306862,-0.562137097,3
85.82923977,81,0,77.74769316,0.583497626,-0.673392089,3
86.85979802,97,0,67.14466976,0.298244196,-0.648311907,3
83.55417478,95,0,66.33665924,0.342530171,-0.57688132,3
54.55651855,46,0,57.70184335,0.952636006,0.062585667,3
85.85629931,87,0,66.6637903,0.522407318,-0.271917629,3
99.01654832,102,0,75.94905338,0.246792101,-0.773069219,3
82.28892367,77,11,62.89621181,0.972856246,0.400642915,3
32.08137894,3,0,43.39451705,1.333107583,1.268266279,3
79.70733849,77,11,63.88640433,0.868138396,0.117297514,3
53.03624516,47,7,44.39421608,0.457730001,-0.827592113,3
88.92066581,94,27,43.1738117,0.765801869,1.4012409,3
46.35723572,49,11,33.41975225,0.501304723,-0.12000649,3
46.1893184,45,9,37.07927145,0.599191973,-0.289468198,3
86.62821371,97,0,67.199515,0.301510677,-0.651262254,3
84.57302342,95,0,65.99825983,0.329848598,-0.556812656,3
74.58624169,72,1,58.76034896,0.454106549,-0.56529802,3
91.70613687,89,82,53.85041601,0.541642733,0.117448962,3
38.62591867,12,0,49.89017662,1.40388522,1.396313189,3
32.08137894,3,0,43.39451705,1.333107583,1.268266279,3
74.61578341,71,31,49.95511832,1.554346525,2.570146281,3
75.31869398,83,10,60.78313418,0.70414547,0.049284981,3
72.69950274,77,12,57.78737067,0.837600426,0.415232358,3
68.9948067,70,0,57.61323558,0.250642187,-1.041461024,3
60.79680999,46,0,62.21720731,0.773331727,-0.119895984,3
52.58952829,38,1,60.75372856,1.311002701,1.305824851,3
48.95199326,53,0,45.02974929,1.333738438,3.026117329,3
65.09537463,78,4,52.42949414,0.560959684,-0.226160023,3
137.7643034,158,0,74.60040838,-0.623712247,-0.5994522,3
33.13002777,4,0,44.84703573,1.38561348,1.649538296,3
85.01078733,94,0,51.15508478,-0.134627513,-0.486059092,3
74.94417116,81,0,67.49823575,0.528483392,-0.539297925,3
85.01078733,94,0,51.15508478,-0.134627513,-0.486059092,3
100.9454819,89,25,76.28131033,0.748873191,-0.663910587,3
57.07102848,64,2,52.46769584,0.440905678,-0.79326214,3
62.64581745,64,0,56.50969355,0.515442894,-0.643313952,3
61.73258744,84,0,53.59381882,0.445655939,-0.22956728,3
73.01457798,30,0,82.62334336,0.673127543,-1.071404628,3
65.74968344,79,4,50.97018091,0.1702615,-0.838819064,3
58.89874573,54,0,51.36546697,0.873679894,0.516427297,3
54.58255952,21,9,60.39887299,1.156842877,0.112370662,3
87.42808701,85,38,47.02020123,0.877400861,0.778816643,3
104.3197669,98,23,78.2050752,0.495284857,-0.976627256,3
105.4366775,109,10,63.51974154,0.337899029,-0.242299891,3
66.94105679,65,11,48.59181054,0.717420289,0.031224675,3
55.26763913,53,1,49.75839913,1.085473414,1.340215019,3
62.04325581,57,8,53.35176684,1.266396387,1.150196859,3
104.1091752,106,30,60.83506268,0.816608959,0.2754111,3
115.4614236,117,73,58.64877639,0.145711406,-0.816271289,3
78.44606321,95,0,67.85834402,0.437753971,-0.520684397,3
34.49893951,8,0,43.1276529,1.185005269,0.512952422,3
52.96049383,0,0,75.67880444,1.166555967,0.250038459,3
25.96375309,2,0,39.05753059,1.705616835,2.804586385,3
65.07875556,78,4,52.47263291,0.560979435,-0.225771006,3
62.93909002,53,14,50.27121688,0.840728764,0.13638282,3
72.81746637,72,1,58.42168093,0.536328044,-0.192753878,3
116.5044468,121,137,62.07905342,0.368029885,-0.148095305,3
61.15100558,41,0,66.2644614,1.021975833,0.348910231,3
75.12532471,72,9,66.83122666,0.797721164,-0.115430514,3
58.08137547,14,0,69.81147952,1.014193327,0.151331784,3
23.10672593,0,0,48.68824045,2.504253705,5.961801506,3
35.04396439,7,0,43.09082412,1.181101158,0.678742416,3
80.98409303,76,10,50.9298324,1.231693192,1.756230769,3
87.76696089,67,211,76.80853416,0.685010978,-1.063338087,3
73.16495213,15,0,81.84728925,0.57032756,-1.212104274,3
36.25344086,8,0,44.4524535,1.194686069,0.790518327,3
22.56303787,4,0,34.51596288,2.045978762,4.356417152,3
23.0785141,4,0,36.29713228,2.048558754,4.017367467,3
18.59507751,4,0,29.88444582,2.006733495,3.600097198,3
22.39825821,4,0,37.93166061,2.088316386,3.81087548,3
22.95849609,5,0,41.63142041,2.224828438,4.234476601,3
28.12974548,7,0,37.8834116,1.732377898,3.37501484,3
27.69966125,7,0,37.65453458,1.842087982,4.024506724,3
87.70328097,104,0,77.24588656,0.196184437,-1.191868369,3
28.07358551,8,0,37.92407394,1.81781876,4.017105544,3
25.1919136,3,0,36.29961909,1.651230585,3.156444733,3
23.30527496,3,0,33.61204796,1.597793236,2.739383318,3
27.78395462,3,0,40.67639268,1.585033768,2.496015507,3
33.84383011,3,0,44.93706,1.266512873,0.95602806,3
35.15270996,4,0,46.55313523,1.298882213,1.157547563,3
25.0574646,3,0,35.38635031,1.684956838,3.443861437,3
33.40365601,4,0,48.18820339,1.449667703,1.503744884,3
33.80545807,4,0,44.3621765,1.192030881,0.476112299,3
32.96324921,4,0,41.75492674,1.137807989,0.493046336,3
73.325,83,0,69.93903191,0.605176606,-0.378029998,3
32.86950684,4,0,41.58962014,1.155799838,0.658925591,3
34.31628418,4,0,42.22286207,1.081989031,0.492608971,3
32.86276627,3,0,49.30858292,1.54759376,1.505654387,3
32.01198578,3,0,45.65996152,1.468148477,1.489594712,3
48.07354736,46,0,45.34784056,0.910602187,0.574362226,3
48.83416367,45,0,46.24401238,0.955311998,0.655704706,3
45.70985413,41,0,43.96754036,1.055873546,0.927159729,3
43.35519409,40,6,41.62699547,1.053741695,0.9298772,3
41.5216713,41,6,39.21821614,1.006231322,0.887590698,3
39.81086731,43,6,36.66960021,0.937933199,0.871715961,3
45.39213827,6,0,61.07967568,1.22389213,0.556450772,3
41.83488083,10,0,50.89893552,1.154829177,0.492577542,3
36.22364807,9,0,44.03808419,1.254150693,1.014006894,3
39.92642593,10,0,46.86416118,1.171586974,0.902257865,3
33.32879257,4,0,45.53294815,1.296876523,1.054952696,3
34.68831253,3,0,47.82365106,1.228091037,0.685509045,3
36.3011055,3,0,51.75052904,1.25717244,0.614864444,3
33.99937439,3,0,50.94696181,1.325201686,0.638349372,3
33.97650146,4,0,44.29647547,1.329881813,1.595992603,3
34.74214554,4,0,45.73079221,1.321076624,1.460776192,3
34.57313156,4,0,45.79178591,1.280476001,1.17871436,3
36.97737122,4,0,49.04889745,1.227557871,0.919018707,3
36.01966095,4,0,48.80855087,1.201174208,0.572354672,3
38.32696152,4,0,54.16240983,1.230730661,0.355192132,3
38.73306656,5,0,58.09532476,1.330733639,0.428086014,3
31.26097488,4,0,45.50471954,1.469664239,1.336300739,3
32.09213257,3,0,45.66014125,1.433364093,1.399591771,3
25.10413742,3,3,44.11725893,1.760871526,1.699907231,3
39.83559799,4,0,57.93669033,1.277247699,0.400243684,3
37.41638947,4,0,57.50197497,1.356618648,0.444830169,3
35.03725815,10,0,41.62278293,1.225442889,1.157781695,3
75.40987654,37,11,71.13263106,0.776472273,-0.508088312,3
35.56229782,10,0,41.9577809,1.167331824,0.918828326,3
37.7399826,10,0,45.64428256,1.155846022,0.60041274,3
37.30700684,10,0,47.24608681,1.238628721,0.651340177,3
34.82736969,10,0,46.69710244,1.374764882,0.908151347,3
24.16931152,3,0,32.45561881,1.333850493,1.438096462,3
32.57830429,4,0,43.70277047,1.243181364,0.855721735,3
29.77628708,3,0,40.17264375,1.215910652,0.721266018,3
30.5585289,3,0,42.02296982,1.22858729,0.654618241,3
34.96890259,4,0,51.71554098,1.494144811,1.534588385,3
32.72363663,4,0,50.66661819,1.57136308,1.601013646,3
59.14740988,48,0,66.38528123,1.013593088,0.163776676,3
30.88913345,4,0,41.39116346,1.386315582,1.80809736,3
32.47067642,4,0,43.92293443,1.348605863,1.491160836,3
31.78524399,4,0,43.13771886,1.304395331,1.217416697,3
32.89645767,4,0,45.43297287,1.294089061,0.988994525,3
33.0803566,4,0,46.94905504,1.295686175,0.734923289,3
34.47860336,5,0,50.98251395,1.354665865,0.692917147,3
32.97188568,5,0,52.4237838,1.521766508,1.044037392,3
31.88244629,4,0,43.38663599,1.370518975,1.567286117,3
32.56147003,4,0,44.71093679,1.343947211,1.345985878,3
33.11525345,4,0,45.96314749,1.348226529,1.292536761,3
50.37433862,2,0,63.85428011,0.708857244,-1.201779388,3
70.53706444,29,0,83.56415279,0.912303897,-0.52325475,3
108.1156053,140,0,87.36392819,-0.109032495,-1.554804282,3
93.8254693,105,0,75.99078036,0.095595446,-1.227722184,3
79.86724681,97,0,65.53946474,0.061239796,-1.18291445,3
97.58993088,99,0,75.09248868,0.363545283,-0.778531877,3
92.47730729,99,12,70.05647576,0.697373467,0.058399084,3
87.8181541,67,211,76.74098384,0.687532416,-1.064084548,3
50.43899362,1,0,64.39372775,0.718504957,-1.175556958,3
75.41096703,88,7,63.27047683,0.285796756,-1.072626146,3
120.1615573,123,140,59.88094946,0.38030434,0.025859855,3
29.7555275,4,3,40.40606267,1.393945446,1.303601162,3
40.68801498,6,0,47.51742801,1.007421864,0.311926031,3
35.12213135,6,0,44.8898788,1.335159506,1.20066036,3
38.04233932,28,0,38.30328443,0.857489032,0.277569107,3
35.08411407,29,0,35.17064719,0.871693442,0.39975732,3
39.34275818,35,0,39.59714627,0.878088824,0.524472057,3
40.0582962,24,0,42.65361763,1.062039037,1.080093892,3
41.25285339,7,0,50.43051927,1.036761697,0.02085672,3
42.35434723,9,0,49.12899697,0.969081658,0.006846746,3
35.123703,8,0,39.79756623,0.922586767,-0.019979598,3
39.82824707,13,0,43.67149979,0.88370876,-0.053285643,3
40.64352798,17,0,43.78563228,0.840344767,-0.141966305,3
38.28025436,7,0,43.4814294,1.003634248,0.529721655,3
43.38876343,20,0,46.33331426,0.821235695,-0.191410637,3
40.16931534,9,0,45.48881946,0.944127149,0.259474516,3
40.69745636,12,0,45.26881183,0.946273842,0.272391233,3
41.20118332,10,0,46.96997242,1.057639527,0.601857424,3
40.09869003,7,0,48.55322121,1.168100897,0.813236037,3
38.79397202,5,0,49.11327316,1.267276906,1.098743964,3
36.5649147,4,0,48.34393556,1.370174119,1.411193551,3
41.00004196,7,0,48.20049221,1.024560343,0.207867798,3
39.698246,8,0,45.31227721,1.022610137,0.427159204,3
39.47387695,6,0,49.42799678,1.111886075,0.312585178,3
37.50880432,10,0,41.5308632,0.964817352,0.574164248,3
41.13149643,6,0,50.83392829,1.117365752,0.440843042,3
37.88371658,7,0,44.94927554,1.06712076,0.317327203,3
40.60490417,8,0,47.43274582,1.056993711,0.36416448,3
35.81869507,8,0,41.32093321,1.050893315,0.471691981,3
40.19504166,10,0,44.94925442,0.99092027,0.455385129,3
42.12747574,21,0,45.52483785,0.942435985,0.389946091,3
35.12076569,13,0,39.41592416,0.996374037,0.487727158,3
40.76911926,18,0,45.18656505,0.970417237,0.381621693,3
43.18321609,15,0,48.47584212,0.998049412,0.395466301,3
41.12451172,6,0,48.07628577,1.043806962,0.444083293,3
39.3091507,11,0,46.27539725,1.197197486,1.014285919,3
54.81959915,52,0,50.00844829,0.758969154,-0.033220128,3
53.2060318,51,0,47.80229137,0.7706306,0.092037655,3
49.17957306,50,0,42.53258131,0.68902818,0.076690227,3
52.81045151,55,0,44.10694912,0.639974014,0.090033475,3
46.04455185,26,0,49.76778622,0.987953332,0.363375554,3
44.10118103,29,0,46.94579372,0.972640583,0.319807809,3
50.66912079,43,0,51.93681885,0.872285987,0.102098057,3
51.60629654,44,0,52.93631359,0.837496344,-0.039211236,3
39.56350327,6,0,47.60436977,1.060223283,0.306990109,3
42.25006866,8,0,48.59575407,1.014972105,0.379304384,3
38.31542969,5,0,46.76471261,1.237970006,1.08623454,3
40.61298752,9,0,45.90615441,1.02370261,0.567750718,3
39.13863373,13,0,43.33208327,0.995565241,0.608266141,3
34.08810425,5,0,43.74175116,1.302651566,1.219397131,3
36.06578064,6,0,44.48195247,1.248105901,1.137479118,3
36.24430466,6,0,42.04752608,1.077402568,0.73550756,3
37.78844452,10,0,42.51917003,1.0399003,0.734509081,3
35.73989487,8,0,40.65591924,1.07749919,0.948665675,3
38.84963226,5,0,49.89558857,1.091541687,-0.044692039,3
41.98648453,6,0,51.2632539,1.043587746,-0.023557687,3
42.42166138,9,0,48.33364556,0.926788187,-0.143118787,3
36.43270111,4,0,47.52878657,1.389721531,1.440620322,3
46.12974548,13,0,50.88081499,0.875539404,-0.17138484,3
31.7548027,5,0,41.69959887,1.641721872,3.010042907,3
31.08551025,4,0,42.74359561,1.780485105,3.453287645,3
29.36649704,4,3,42.67685317,1.879131769,3.705151872,3
27.6163063,3,3,44.20134021,2.002006647,4.014918196,3
47.19696808,32,0,51.31908817,0.938582564,0.239172618,3
42.17041779,30,0,45.27616963,0.937356751,0.317587652,3
38.46725082,8,0,45.93381801,1.097829518,0.40123197,3
41.91427231,11,0,47.62290603,1.02909619,0.378297037,3
41.14054871,15,0,45.64348086,1.018485183,0.485639735,3
41.74839401,22,0,45.22558541,1.11988197,0.913224008,3
43.14093399,27,0,45.57376793,0.873305587,0.216029539,3
40.82404327,29,0,42.59428108,0.855435333,0.218298834,3
37.84001541,26,0,38.84480322,0.810228746,0.123927902,3
39.85073471,27,0,41.44124757,0.869767404,0.373056693,3
36.24336243,13,0,41.05159019,1.071182155,0.578058742,3
44.10733795,14,0,50.60420858,1.069275314,0.468159959,3
42.1945076,9,0,50.22142732,1.086915511,0.394720783,3
43.67445374,17,0,46.90379974,0.829509049,-0.01842865,3
44.01312256,23,0,45.85761511,0.739256646,-0.165047019,3
41.31734085,24,0,43.19581083,0.784113782,0.067398527,3
40.0680809,22,0,44.03863398,1.109768378,0.774906985,3
42.07198715,26,0,44.18739617,0.786850266,0.013480469,3
38.5471077,18,0,41.70101798,0.92089488,0.412037891,3
40.01315308,14,0,43.76739865,0.909795934,0.351234093,3
38.61421204,6,0,44.38556687,1.032333632,0.646787197,3
37.11193848,4,0,45.40222197,1.148684177,0.847871312,3
33.36952209,5,2,39.8969833,1.136738392,0.939314852,3
36.07197189,6,0,43.78400068,1.189362032,0.991707746,3
34.03098297,6,2,40.6775089,1.159225429,0.940532629,3
41.73493576,17,0,47.04036177,1.154224644,0.840390231,3
37.92263031,8,0,44.46590612,1.197785218,0.856186584,3
34.93027115,4,3,45.49232772,1.365870658,1.424717095,3
39.79229736,7,0,49.02365472,1.304798301,1.057834219,3
36.83240128,6,0,46.68757131,1.385168229,1.345387079,3
40.96035767,10,0,46.80833468,1.126493322,0.647257083,3
38.89128113,9,0,44.31259751,1.15483693,0.81887633,3
39.98406219,10,0,45.24458539,1.137012091,0.805945695,3
39.8564682,10,0,44.79601098,1.128118214,0.820055976,3
40.92671967,6,0,51.38671549,1.31292823,1.183570025,3
39.02061462,4,0,51.33151122,1.35858443,1.189867436,3
38.09889603,4,3,53.55550369,1.419967039,1.145021547,3
34.47264862,3,3,54.07001075,1.673666071,1.857205432,3
47.28081894,41,6,46.65716337,1.019859408,0.525981399,3
42.21995544,36,0,41.63021421,0.628659764,-0.414650204,3
40.54299927,33,0,39.87209112,0.631995422,-0.387775074,3
44.67341232,36,0,43.38516481,0.581954631,-0.53550544,3
45.09054947,36,0,44.15593457,0.694120271,-0.17966954,3
44.67749786,31,0,45.7765938,0.824435511,0.117082826,3
38.08035278,23,0,40.61260081,0.921818913,0.504104798,3
38.79496002,8,0,44.07232708,1.075209856,0.80318825,3
44.27270889,36,0,44.65107232,0.919604067,0.526305241,3
40.8285141,26,0,43.86976566,1.080479001,0.900186824,3
35.05309677,10,0,39.8355218,1.080520583,0.400838471,3
53.10219955,50,0,49.556293,0.771333892,-0.086104518,3
34.00744629,9,0,38.56416253,1.085447106,0.515769285,3
34.51379776,9,0,38.43798888,1.034633124,0.368228649,3
37.74803543,10,0,41.21671467,0.994970657,0.356622026,3
38.3093338,11,0,41.15913232,0.965045737,0.283294551,3
38.06942749,4,0,46.61927005,1.165750185,0.849686786,3
44.52283096,36,0,46.12164292,0.863244316,0.322741318,3
44.11862946,29,0,47.22710299,0.937345438,0.529407863,3
41.97784424,22,0,45.88101345,0.979661848,0.64565251,3
36.91185379,6,0,41.86106783,1.050623596,0.816218088,3
40.24423981,6,3,48.2170406,1.187976623,0.732654753,3
50.75778961,41,0,49.63062172,0.946232805,0.304959831,3
45.01629257,15,3,50.66256817,1.084765554,0.513676293,3
45.32830811,29,3,48.44278002,1.045498937,0.608267853,3
42.26317978,32,3,44.02426935,1.07159418,0.892586578,3
42.32980728,34,3,42.54849595,1.037955913,0.888853236,3
43.34456253,36,4,42.76425408,0.973251028,0.742862046,3
52.13167191,52,6,41.66867615,0.93220541,1.20051225,3
44.6098175,31,5,44.02848789,1.064935587,0.931268144,3
45.32761383,34,4,44.29548066,1.128595132,1.32372651,3
58.36911011,55,5,54.1724645,0.693492256,-0.26845839,3
54.35327911,55,5,47.63503726,0.652366189,-0.064858732,3
43.05312347,36,5,41.63911516,0.942762542,0.456180339,3
52.39460373,55,4,44.46347536,0.680368876,0.308142543,3
36.30330658,18,2,40.19869351,1.335978472,1.923766126,3
36.07245636,16,2,40.70204654,1.303241697,1.650911038,3
35.81452179,15,2,40.03102919,1.301484709,1.7943167,3
37.61962891,10,3,43.78070989,1.342853929,1.540046694,3
51.58830261,52,4,49.53555162,0.730929928,0.025603783,3
50.67974091,49,4,48.95184424,0.823921373,0.28160624,3
42.04533386,35,5,41.07405405,1.328230781,2.171316249,3
42.97003174,36,5,42.40328002,1.329280985,2.019822468,3
42.84851837,34,5,42.32964293,1.335776378,2.097283996,3
30.61836624,4,3,41.32710021,1.272525935,0.77872027,3
40.99167252,35,5,39.80690348,1.292048877,2.198746925,3
46.90914154,44,4,44.20736459,0.900118885,0.699900343,3
45.96377182,38,4,44.55850869,1.094156676,1.345374374,3
42.79333496,37,4,41.63252056,1.21278026,1.938788134,3
42.47730255,39,4,40.71250702,1.165418063,1.879589694,3
41.29236221,38,4,39.26475355,1.125024876,1.925538501,3
40.05363846,33,4,39.91513791,1.156695208,1.905820136,3
53.49721909,48,0,53.09886305,0.757928052,-0.327381354,3
53.52871704,51,0,51.16839734,0.698991345,-0.385463895,3
37.42203522,4,3,49.87515987,1.289342768,1.019801468,3
32.94189453,4,3,41.97810088,1.17914411,0.591356047,3
33.33737564,3,2,48.00000084,1.469032811,1.466606071,3
39.65186797,4,0,53.3739195,1.252541168,0.655046296,3
41.54538345,8,0,51.06732521,1.272952982,1.060997988,3
39.10906219,5,0,51.88060316,1.458573579,1.547868686,3
38.93296051,8,0,45.44963077,1.005068124,0.058405611,3
42.76520538,16,0,47.14771816,0.920202553,-0.009120231,3
44.75964355,25,0,47.00094318,0.769503454,-0.308425387,3
43.68251419,29,0,45.28445714,0.799748772,-0.129360949,3
35.70241547,24,0,36.67165382,0.79327347,-0.016365559,3
35.89119339,11,0,40.43783317,1.02491302,0.481299501,3
39.05887222,5,0,47.24884179,1.07878163,0.444009307,3
41.81070709,19,0,45.585969,0.89121121,0.103888731,3
42.93115234,25,0,45.54883518,0.821140719,-0.068380772,3
39.01283264,18,0,42.26855273,0.89972164,0.304181024,3
38.57691193,16,0,42.05743347,0.943367091,0.442118229,3
38.90015411,18,0,42.6903735,0.970505183,0.428041488,3
39.30311966,17,0,44.23491221,1.055721749,0.648136205,3
40.13974762,16,0,46.54328374,1.092306022,0.553035955,3
40.06151581,5,0,47.95316,1.125500339,0.630993093,3
38.93020248,4,2,49.05078241,1.181623131,0.665796939,3
37.59344101,3,2,51.53050459,1.360450315,1.14550553,3
44.49801636,30,5,45.86151877,1.22533499,1.483043008,3
42.40987015,6,3,51.39575944,1.095389481,0.191682898,3
57.73471832,61,5,50.61600457,0.45328671,-0.753833334,3
53.13871002,55,4,45.90537008,0.559820254,-0.345846784,3
52.22916794,58,4,42.68858038,0.484166582,-0.265899147,3
48.6461792,53,4,39.35655834,0.602152517,0.34551487,3
44.99078751,48,4,36.28704071,0.677170907,0.636057883,3
48.70058823,40,3,46.68254512,1.031227007,0.953359567,3
48.44575882,44,3,44.7895049,1.050440062,1.227696373,3
40.79447937,25,6,39.82919193,1.087500435,1.023197019,3
42.89013672,29,7,41.30891059,1.05018404,1.089830812,3
44.02086258,31,7,42.26973146,1.056678788,1.134080379,3
40.13256836,33,3,40.59899619,1.224239958,2.274111077,3
43.53476715,32,7,42.02268483,1.060951507,1.178596869,3
42.88418579,24,7,42.32236067,1.133353723,1.395448413,3
42.47651291,31,5,42.82752392,1.075688635,1.062799682,3
44.33877945,33,5,44.50210765,1.133655811,1.303202985,3
41.36348724,29,4,42.08975995,1.262729556,1.952630719,3
38.15168762,36,3,36.3933396,1.162170993,2.350948413,3
44.99569321,48,4,40.86694304,0.856358007,0.918219307,3
43.94982529,49,4,39.71590478,0.818716463,0.929444577,3
44.53146362,47,4,41.73800599,0.893858929,1.058298333,3
44.53332901,43,4,43.6532007,0.874458502,0.614604332,3
40.67243195,28,3,42.67057166,1.148116451,1.604137535,3
43.95106506,27,4,45.45008209,0.914795112,0.37187384,3
43.43801498,9,3,50.17656959,1.069442737,0.455687572,3
52.22198486,44,5,50.07332736,0.900907714,0.344148853,3
50.50961685,41,5,49.67329573,0.914079283,0.21962289,3
50.96904373,40,5,50.76192878,0.84246467,-0.105435072,3
48.87104416,26,5,50.20039879,0.820064725,-0.260593009,3
44.00541687,8,5,50.39042311,1.009008605,-0.026111737,3
41.76206589,23,7,41.91336827,1.227676163,1.374295642,3
22.55413818,4,0,30.87265597,1.423254582,1.63516424,3
44.23950958,6,0,53.85101932,1.037654389,0.081541307,3
38.93013,6,3,44.87488066,1.171078483,1.194046194,3
75.79765545,79,3,69.46050466,0.507859787,-0.800738448,3
55.56871111,44,0,57.02977334,0.599734608,-0.583070008,3
65.14932803,76,0,54.39788401,0.62337081,0.411942401,3
50.11100648,17,10,50.29153026,1.256712718,1.461028806,3
83.06326439,86,19,56.04017056,0.941296592,0.949946478,3
76.33731371,81,0,69.36957914,0.864031131,0.399985398,3
83.00009892,89,32,48.48943808,0.662323201,-0.210611122,3
93.11317909,99,50,39.65076482,0.542636065,-0.149079005,3
108.2534029,115,21,66.25101449,0.433465974,-0.379950953,3
86.68493965,69,0,88.43533198,0.419966573,-1.314977735,3
36.8833313,4,3,46.45502068,1.236085209,0.97930546,3
66.84633162,86,0,52.40054122,0.329920855,-0.165990988,3
106.0392489,118,1,77.52843794,0.159634046,-0.784103947,3
67.93457882,78,3,55.33780724,0.702310123,0.385747995,3
34.17572957,14,0,41.58232838,1.762887686,5.694796559,3
87.77887524,105,0,77.31737197,0.198546954,-1.177126427,3
85.05098134,96,4,62.4589034,0.114115606,-0.888252993,3
51.32896042,44,4,49.30603894,0.954893462,0.73900953,3
44.90705109,35,3,44.96415314,1.14102608,1.289335233,3
44.71683884,36,3,44.33276783,1.064230824,1.115655937,3
43.51088333,33,3,44.17162675,0.905441062,0.379733348,3
42.44132614,42,3,40.02954039,0.936429405,0.822227186,3
46.11884689,43,3,44.49247105,1.023813338,0.998149409,3
45.99261475,34,4,46.94345911,0.930462081,0.45557692,3
53.30477142,10,3,59.68381038,0.870824,-0.325591481,3
49.10406494,23,3,51.79549325,0.784942168,-0.37900584,3
45.96544647,28,3,47.25546092,0.704953056,-0.556363044,3
46.94659805,43,3,45.56008145,0.623898171,-0.507358606,3
40.8493309,40,2,38.92848172,0.707950569,-0.058013717,3
51.78780365,52,3,48.52827017,0.795556884,0.249521548,3
48.77041626,50,3,44.14736392,0.780767743,0.497454319,3
40.40740204,30,3,40.82167874,0.976347886,0.855689239,3
48.22751617,47,3,44.60102377,0.920994394,0.890007627,3
45.79196548,42,3,42.20485582,1.013187651,1.251721369,3
43.01029587,39,4,40.95131823,1.025841609,1.175047121,3
52.45847321,41,5,50.56344124,0.801515799,-0.031606806,3
46.87819672,33,5,45.67391381,0.918605271,0.433166217,3
46.87819672,33,5,45.67391381,0.918605271,0.433166217,3
44.90758133,36,4,42.22619391,0.894245574,0.621854955,3
42.89709854,36,4,39.94513847,1.075856455,1.478338678,3
40.9618454,32,5,38.78808171,1.182860256,2.049676119,3
28.73366928,27,3,26.09297083,0.967936251,1.354054794,3
36.84397125,25,2,38.25320272,1.197118539,1.771768536,3
40.08141708,45,5,28.6916317,0.889710015,2.179484619,3
38.73121643,42,5,27.79601765,0.954560564,2.445562191,3
34.48042679,36,4,25.3376269,1.025113419,2.497568393,3
39.8870163,42,5,30.29043548,1.183538387,3.225632155,3
38.49467468,43,5,29.21541857,1.061730922,2.892430958,3
44.15314865,43,3,38.93114352,1.073731538,1.561427942,3
45.21899033,45,4,39.44559148,0.989248661,1.28178073,3
47.87701416,49,4,41.6655779,0.916937108,0.990623989,3
48.47225571,50,4,43.03819159,0.870392324,0.688701647,3
58.18478775,12,2,62.89055148,0.68861461,-0.843359006,3
46.94378662,47,3,41.42324449,0.978196357,1.471144773,3
55.34583664,33,2,57.12053404,0.668977293,-0.709196386,3
51.88552094,48,2,51.24888343,0.678090045,-0.498321879,3
58.02042389,61,2,54.57763513,0.623648457,-0.417709979,3
36.29777527,6,3,47.50183968,1.254188796,0.465314945,3
45.79156113,9,3,52.34503248,1.003393449,-0.039511527,3
44.1413765,20,3,47.10760685,0.938426316,0.048269047,3
49.59271622,38,3,50.47868254,0.916979694,0.240122494,3
35.62905502,18,1,41.2344985,1.548396275,3.186211641,3
33.44745636,16,1,40.68994041,1.759682385,3.859751514,3
33.9861908,15,1,40.98886813,1.714191749,3.766873151,3
43.66266632,30,4,45.76031026,1.214601997,1.698042008,3
44.611763,9,3,50.6110553,1.11597558,0.736777244,3
43.57187271,35,4,43.5001874,0.905198597,0.487016985,3
39.96527863,16,4,43.31859815,0.990570403,0.318832453,3
55.26826096,58,3,46.83323555,0.615660784,-0.145386525,3
55.32395554,59,3,47.9347589,0.618582719,-0.136971099,3
51.20091248,54,3,44.60612137,0.624255111,-0.08174967,3
57.66672897,59,6,43.89781082,0.818653767,0.947643601,3
61.56361771,65,6,46.67558882,0.674203307,0.517494257,3
62.6444664,65,6,48.77896654,0.647790367,0.25827281,3
59.21300507,62,6,48.38702717,0.631614179,0.002197166,3
34.69774246,6,4,46.41248682,1.414663651,1.139730959,3
42.40703583,31,4,43.56334899,1.221432428,1.870137013,3
50.04506683,33,3,50.79624687,0.651865182,-0.635732148,3
50.32093811,51,3,48.09125574,0.63175494,-0.442792148,3
52.8527565,55,3,48.73654238,0.638304332,-0.291676535,3
45.22425079,37,3,44.19656712,1.020894293,0.854745195,3
44.07096863,6,4,54.27554795,1.159758196,0.385232295,3
42.82123566,23,3,43.40558695,0.742244286,-0.459519617,3
51.96780014,41,4,49.90067104,0.683153555,-0.421407785,3
50.84595871,42,3,47.58005879,0.758887371,-0.099038568,3
43.73511887,36,3,40.6479223,0.790722038,0.102238468,3
43.88068008,40,3,40.32474183,0.796754755,0.334327725,3
56.31008148,61,3,45.62990616,0.528520955,-0.233952915,3
46.44497681,36,3,43.65806076,0.956620032,0.78811316,3
44.11444092,36,3,40.8213517,1.098518224,1.571106456,3
35.84962463,5,3,48.45576781,1.423861566,1.218439004,3
40.68618774,6,3,49.8876509,1.247011908,0.899471369,3
48.9199791,43,3,47.20843601,0.918127434,0.532600077,3
44.14685822,34,3,43.90059219,0.986759701,0.622460271,3
47.9761734,41,3,47.06506159,0.955988303,0.660812126,3
47.69450378,39,3,48.26202633,1.002707095,0.695490262,3
46.50767136,35,3,48.04885875,0.990649224,0.528060957,3
47.01713562,30,3,49.34578005,0.976411817,0.415892387,3
53.27537537,57,5,41.94863472,0.517662141,-0.163008361,3
47.90066528,13,3,52.2016832,0.986345363,0.271221436,3
37.50116348,33,3,37.52564358,1.002744453,0.830162041,3
56.23305511,60,5,46.64225314,0.614754775,0.001107223,3
53.09640121,59,4,41.63539048,0.567247167,0.187972426,3
49.04924011,54,4,38.68135421,0.739006773,0.812639883,3
45.78152084,50,5,39.7512609,0.945529422,1.409623292,3
48.26615143,53,4,42.23900631,0.927329529,1.160333292,3
49.58693314,43,3,48.86518441,0.667551949,-0.411634224,3
48.4769249,53,2,44.09625581,0.59515683,-0.170962947,3
47.65589142,52,2,43.11260513,0.688281609,0.1793326,3
48.57838058,49,4,39.82760001,0.778134448,0.522137379,3
40.99032974,42,2,37.93489201,0.927434995,1.186088274,3
35.65106964,4,4,46.68633531,1.32171136,0.839677385,3
45.67328262,7,4,53.26043322,1.068012383,0.172068375,3
44.47249603,21,4,47.48703869,0.89542848,-0.078170964,3
45.0506897,30,4,46.0159688,0.879097531,0.070125802,3
38.15237045,5,3,50.34190174,1.177803767,0.164155264,3
40.25202179,7,3,47.23350309,0.979244648,-0.216028772,3
51.6716423,17,3,54.23951117,0.770801763,-0.445326703,3
55.94251251,48,3,54.77720307,0.743318048,-0.186717445,3
46.34815979,45,2,41.9542424,0.888436226,0.793431442,3
46.37905121,48,4,37.90741801,0.854614031,1.265593924,3
49.07097244,48,3,45.58564631,0.899057854,0.762884999,3
44.02338791,36,2,44.07836229,0.941437942,0.585451652,3
44.0963707,36,2,44.47436181,0.960264687,0.699658105,3
53.02121353,50,3,51.01962669,0.780708734,0.039528913,3
39.5087204,40,2,36.67284438,0.74577686,0.151286831,3
50.29203796,47,3,47.73642473,0.875775981,0.559189027,3
45.25286484,40,3,43.51105409,0.967132109,0.884114155,3
44.29138565,29,5,46.16157647,1.204623665,1.41915276,3
45.20604324,31,3,46.1295263,0.91926757,0.296518258,3
41.59671021,36,3,41.39526314,0.991297109,0.782969366,3
39.59510422,32,3,39.83097657,1.18307751,1.550932911,3
43.63079453,35,3,44.04004474,1.03470563,0.877338201,3
42.5860405,34,3,43.03994924,1.094738454,1.006374427,3
57.97041702,45,5,57.80214374,0.757256828,-0.327887974,3
44.81587219,43,4,41.78920082,1.04761148,1.318519614,3
42.19748688,38,2,40.22579039,1.01980714,1.012055105,3
45.70842743,44,4,43.6368011,0.91820849,0.595651942,3
48.21675491,42,3,47.53073093,0.900422873,0.287215812,3
49.26109314,34,3,50.68372809,0.860180287,-0.06738838,3
46.43468857,11,3,51.44453917,0.969079421,0.032500336,3
40.60205078,7,3,49.9612604,1.154072785,0.359662982,3
52.89872742,15,3,57.46366694,0.899506668,-0.167168946,3
48.57454681,24,2,50.81834077,0.899351128,0.008309618,3
50.03771591,38,2,49.94883995,0.890054672,0.178268049,3
50.86426926,45,4,49.36719598,0.804200554,-0.012635653,3
39.63283539,5,4,49.35818189,1.216839422,0.612567395,3
45.70534897,13,4,52.10601138,1.07602317,0.388293623,3
42.46043777,37,3,40.22009131,1.14682373,1.911227354,3
42.63949966,41,3,39.63060284,1.026004748,1.52494781,3
45.45468903,38,3,44.22663331,0.983394268,0.942239147,3
46.02062225,31,3,46.33398633,0.929321011,0.395434459,3
49.70814514,41,3,49.85689064,0.801424376,0.003461097,3
45.43073273,43,3,44.24445089,0.789962952,0.203674856,3
43.83060455,48,3,40.72290982,0.744667141,0.425090022,3
40.2903595,40,2,38.55112832,0.916730334,0.994979166,3
54.22093201,51,3,50.28503565,0.788048043,0.148525865,3
38.95197678,34,2,38.84188759,1.09150269,1.611266916,3
39.21125412,38,2,38.5143598,1.012823328,1.354633198,3
44.2800293,40,3,44.95762876,1.097321956,1.357910539,3
39.80971146,38,2,40.15888829,1.148025408,1.504110491,3
40.68863678,34,2,41.62647315,1.177860622,1.469506726,3
46.13604355,40,2,46.27835184,1.056249878,0.974311597,3
41.14029312,18,3,44.48386217,0.971527225,0.149214657,3
41.54013443,6,3,50.63575686,1.149176131,0.371480831,3
36.84351349,4,3,51.53587339,1.334920584,0.622871819,3
43.11299896,29,3,46.48075586,1.232254019,1.626067137,3
51.06402206,46,4,47.89059125,0.896287847,0.490291937,3
46.98435593,39,4,44.69990544,1.057942351,1.283137563,3
44.16944122,36,4,42.03300949,1.205225064,2.071922249,3
53.13027573,56,3,46.95535853,0.718483308,0.11611053,3
55.48275757,58,3,48.21815357,0.776018536,0.385827094,3
61.45920563,67,3,49.85269445,0.627785104,0.170215091,3
55.73581696,60,3,46.09509856,0.778495301,0.612606257,3
54.30378723,58,3,44.69530634,0.817337778,0.784190815,3
51.84458923,52,3,43.18430938,0.862953138,0.830962663,3
32.4377327,4,3,49.55451343,1.592090801,1.647503696,3
36.60817719,5,3,48.13332932,1.349377266,1.240531241,3
37.98046112,4,3,50.09934177,1.137823142,0.139888725,3
39.51565552,6,3,46.31362348,1.143988553,0.841817695,3
39.69977188,8,3,45.1102971,1.182329499,1.285019692,3
39.13770294,19,3,43.40668147,1.331804208,2.134571679,3
38.06299973,25,2,41.93624183,1.363501565,2.441259015,3
39.74675369,32,3,42.59208266,1.402690321,2.767307092,3
53.76866913,47,4,51.70450777,0.810730777,0.048253875,3
53.94091034,45,4,51.37292078,0.817251834,0.123143139,3
55.55158615,52,4,50.50147065,0.792184688,0.27666356,3
54.23638535,49,3,49.7464341,0.883898454,0.55471535,3
42.00554657,35,4,40.57153502,1.151982411,1.850864634,3
46.08335876,27,4,49.10594668,0.950153477,0.205209978,3
43.60557556,40,4,41.68724653,1.028101902,1.34475949,3
44.67794418,40,4,42.8059623,0.972139015,1.131721515,3
42.05217743,35,4,41.29323011,0.995235798,0.969533667,3
47.95471191,40,5,47.15630438,0.852721756,0.315416884,3
47.15701294,32,3,48.11804495,0.877062772,0.054375479,3
47.02418137,42,3,45.84234104,0.77444984,-0.010221567,3
49.71718216,45,3,48.21346782,0.839776261,0.326853855,3
46.7496376,39,3,46.38467913,0.98911512,0.764264475,3
48.61505508,44,6,44.24433224,0.79594658,0.069948509,3
44.15107346,39,5,40.25524906,0.863116592,0.295596065,3
46.94962311,10,4,52.88489149,0.994465085,0.124333494,3
46.38560867,41,5,42.18113585,0.852710039,0.284035176,3
47.14239883,39,6,43.20102399,0.908754083,0.460140008,3
44.96717453,40,6,40.06064769,0.874347243,0.51551776,3
41.71483612,15,6,43.55075203,1.296983633,1.872220792,3
49.54269791,26,3,51.3565695,0.756093154,-0.408337327,3
46.41247177,34,3,46.78533121,0.794860553,-0.148580467,3
54.03617477,47,3,53.22031159,0.793683068,-0.024096264,3
40.78377914,35,3,39.71671103,0.874844723,0.394294756,3
39.27286148,34,4,38.77158141,1.041605043,1.071674266,3
51.77914047,44,5,48.93938285,0.536968883,-0.863837352,3
33.07926559,3,0,46.66268265,1.350477542,1.017259524,3
27.69074249,7,0,37.82305077,1.824416957,4.042649359,3
31.01460648,3,0,42.9073716,1.49878496,2.298441922,3
32.12908173,3,3,49.01051966,1.39155464,0.869535447,3
32.89998627,4,0,41.28937505,1.071533963,0.55938096,3
28.51852036,3,0,36.34224661,1.004092063,0.035812412,3
36.4158783,4,0,48.40390456,1.101806481,0.146208341,3
36.58734894,5,0,54.262674,1.315175954,0.403566795,3
34.56119919,5,0,56.89675977,1.603655261,1.197423548,3
39.89552689,7,0,51.17135331,1.180251417,0.382704946,3
31.74107361,3,0,43.28515295,1.337722257,1.28483322,3
24.86476135,3,0,36.18938801,1.659814003,3.199296103,3
25.61041641,4,0,38.87435255,1.586506883,1.975289254,3
22.18418121,4,0,34.431211,2.054217285,4.389745608,3
26.34272385,5,0,45.48773127,1.873611996,2.439722478,3
32.57649994,4,0,53.111896,1.568080957,1.313850835,3
25.89596176,3,0,37.87407749,1.448534749,1.580183045,3
31.51120377,3,0,43.13638912,1.366875038,1.588872881,3
28.12660217,3,0,40.92139419,1.347628085,0.971431593,3
31.078125,3,0,47.44838898,1.373540324,0.698856135,3
28.61572266,3,3,48.48186624,1.669274846,1.551502173,3
36.28008652,5,0,48.19905517,1.225808254,0.471556157,3
39.35426331,5,0,49.71738067,1.167365744,0.502976086,3
36.34982681,4,0,48.94918018,1.284458704,0.834529967,3
41.34063339,6,0,49.75923447,1.095880937,0.465068862,3
42.39339828,21,0,46.96459882,0.977135409,0.360919936,3
41.61019516,25,0,45.36385084,0.924615702,0.234451401,3
39.13896561,25,0,41.91792009,0.888578267,0.225518177,3
41.05415726,34,0,40.55711228,0.888858456,0.524275747,3
27.41514206,3,0,40.59281263,1.588497091,2.50939361,3
45.85500336,37,0,45.05948804,0.896403674,0.570139334,3
34.52090454,6,0,41.82114919,1.155895513,0.618600016,3
32.26189804,3,0,43.23978909,1.300876042,1.010289755,3
31.28405762,5,0,39.20958373,1.278283873,1.045713314,3
31.54411316,5,0,40.87535379,1.394363247,1.419404445,3
36.75620651,4,0,47.08384962,1.14259231,0.542733013,3
32.42920685,5,0,42.86195697,1.486791105,2.047022659,3
38.16736603,8,0,44.96109493,1.223404942,0.800324073,3
35.63218689,8,0,41.40033914,1.229869238,0.884735285,3
25.66947174,3,0,38.35044592,1.556310387,2.267592838,3
42.94707489,18,0,48.16760167,1.16468945,0.74832945,3
40.25372696,14,0,44.16872968,0.919912399,0.268772912,3
28.31911087,3,0,45.16903856,1.70031427,2.183687276,3
36.10939026,13,0,40.10203542,1.022894799,0.649441735,3
36.61254501,10,0,42.06635364,1.111076612,0.8261766,3
36.31729889,10,0,42.45555671,1.175088252,1.021449555,3
37.33787155,9,0,42.74839411,1.114214738,0.882194489,3
35.93001938,9,0,40.84350872,1.087349773,0.817228098,3
37.44429016,4,0,51.12585614,1.412516011,1.426716354,3
35.50670624,4,0,48.60309836,1.240213256,0.404784337,3
39.97047424,5,0,52.06301713,1.122717199,0.132157791,3
35.32774734,5,0,42.59734604,1.004822595,0.128875262,3
26.53138351,3,0,45.81397247,1.860015581,2.540736761,3
34.81117249,7,0,39.70482535,0.945307132,0.086190005,3
38.26115799,10,0,42.64843427,0.880818128,-0.076659152,3
50.74380493,46,0,48.97122577,0.89503745,0.4027204,3
48.52356339,48,0,44.86585495,0.856129615,0.536835397,3
48.00997543,48,0,43.68282113,0.833191969,0.507546423,3
34.82015991,3,0,46.42049599,1.304387488,1.177164621,3
34.4090538,34,0,30.83763956,0.905463498,0.952229925,3
28.5888443,3,0,38.98365161,1.335294577,1.380894689,3
32.71742249,4,0,44.53527342,1.242310231,0.529292606,3
39.22854233,4,0,50.39653962,1.24596889,0.887358226,3
47.18115997,47,7,40.83387861,0.82101145,0.42878315,3
44.56386948,44,6,38.61964585,0.78956188,0.300753378,3
42.07030869,42,6,35.69434432,0.784649774,0.370383718,3
47.71694183,50,6,37.92754667,0.757019972,0.661963059,3
24.71496201,3,0,35.2820803,1.69357559,3.485106752,3
44.92089844,47,6,35.18809613,0.755972312,0.872343567,3
29.4213829,3,0,41.20547227,1.399073664,1.517935511,3
40.57112503,24,0,43.66651528,1.06503346,0.710877354,3
45.05582047,27,0,48.04149782,1.078080693,0.69622815,3
39.24909592,23,0,42.00475154,1.072532301,0.720600691,3
43.85702515,31,0,46.32983343,1.053811908,0.713763711,3
41.17739487,27,0,44.22266814,1.115413143,0.878530045,3
39.08087921,27,0,41.18037463,1.050124447,0.710452959,3
33.03670502,3,0,48.08527821,1.454787913,1.522932921,3
44.16177368,8,0,50.44428214,0.853183638,-0.33680999,3
43.04291153,19,0,46.77282599,0.787423887,-0.381879434,3
29.08948898,3,0,41.51627875,1.389305971,1.291201077,3
49.99967575,37,0,52.11327001,0.72172463,-0.367960339,3
36.44672394,26,0,38.41781683,0.799889797,-0.001369379,3
33.92026138,7,0,38.9922466,1.038551975,0.561046681,3
36.66437912,12,0,41.17015666,0.997077684,0.527596215,3
41.39993286,9,0,47.46861085,1.013871055,0.476625592,3
40.38181686,7,0,47.14812651,1.05252101,0.569053093,3
24.97055817,4,0,37.10982683,1.948258718,4.40080695,3
39.02388382,5,0,46.54752815,1.051232587,0.49342977,3
42.53845596,12,0,48.12505106,0.977935162,0.197263259,3
31.96030426,4,0,47.23862756,1.39197344,1.010785082,3
42.53875351,12,0,48.38229908,1.010873906,0.302657822,3
33.85536575,18,0,37.31706331,0.977190303,0.518400616,3
37.60780716,24,0,41.07516128,0.974172947,0.580316672,3
51.77638626,46,0,52.38704647,0.677554407,-0.483025564,3
41.37192917,35,0,41.16297464,0.687956713,-0.341606526,3
49.38861847,43,0,48.41060493,0.6611079,-0.403656609,3
32.61435318,3,0,41.63978035,1.142802885,0.507321392,3
52.81353378,40,0,54.31119396,0.772941735,-0.405634344,3
28.07361221,3,0,40.32064829,1.459790952,1.639322769,3
53.08574677,48,0,53.02575837,0.761552322,-0.32117294,3
53.12346268,51,0,51.0790467,0.703719834,-0.377562278,3
32.9547081,3,2,47.92519205,1.472092607,1.47731399,3
31.14801788,3,2,48.95451886,1.560176099,1.569594534,3
41.14347076,8,0,50.99212713,1.276112576,1.068531626,3
38.5207901,8,0,45.3809483,1.007987921,0.063640094,3
32.78775024,3,0,44.72831501,1.390827414,1.670595765,3
32.51460266,4,0,41.48369141,1.160972285,0.675741912,3
44.33201599,25,0,46.92460496,0.771795889,-0.304991331,3
22.7389679,4,0,36.20801497,2.056796803,4.052092596,3
43.25745392,28,0,45.20589647,0.803426768,-0.120728325,3
33.50409317,3,0,49.16530432,1.371933641,0.794880255,3
35.27504349,24,0,36.58958687,0.797197742,-0.00865996,3
35.47143173,10,0,40.36196179,1.02840959,0.488249928,3
41.39289474,18,0,45.53296368,0.893745903,0.107586609,3
42.50610733,24,0,45.4735657,0.82403911,-0.062323493,3
43.83735657,5,0,53.75691766,1.039915417,0.087030366,3
38.60430145,18,0,42.18878055,0.904094971,0.317419141,3
38.16624832,16,0,41.97724878,0.947786708,0.454476408,3
33.95541763,4,0,42.11108603,1.086405687,0.505398234,3
38.89277267,16,0,44.16132487,1.059123139,0.655689777,3
39.74769211,15,0,46.45606556,1.096533684,0.565726391,3
38.51873016,3,0,48.97708388,1.18494089,0.675478923,3
37.18536377,3,2,51.4626022,1.363409798,1.15553282,3
34.7229538,5,0,44.80782513,1.337871748,1.20719532,3
34.67053986,29,0,35.09212989,0.876685662,0.411469868,3
38.93117523,34,0,39.50891941,0.881542029,0.533058786,3
39.64351654,23,0,42.56751528,1.067917136,1.099565788,3
40.8594017,6,0,50.37066658,1.039166674,0.02552658,3
41.93436813,9,0,49.0537533,0.971519205,0.012278525,3
34.72872543,8,0,39.69381966,0.927137836,-0.009494843,3
40.24060059,17,0,43.69695091,0.843735012,-0.135788511,3
42.9528923,19,0,46.25830347,0.824488398,-0.18522017,3
39.76226044,9,0,45.41193451,0.947870905,0.270165951,3
40.78575516,10,0,46.88756588,1.060674006,0.610233823,3
39.68775558,6,0,48.49419033,1.170774715,0.820494624,3
31.64792252,3,0,45.55943592,1.472367215,1.504569591,3
36.1675415,4,0,48.26910732,1.373787114,1.424073077,3
40.58143234,6,0,48.11910434,1.027556234,0.215508979,3
39.29483795,8,0,45.24015929,1.025872116,0.435508565,3
40.71289825,5,0,50.76309051,1.119465596,0.445550298,3
37.47708893,7,0,44.88755765,1.070579884,0.325944047,3
40.20074081,8,0,47.36492537,1.060242512,0.372889,3
39.77124786,10,0,44.87938907,0.99399939,0.463385784,3
29.58944321,3,0,41.63036006,1.415435151,1.601562455,3
41.70359039,20,0,45.45631468,0.945805658,0.398083192,3
40.35958862,18,0,45.0973859,0.974366368,0.392865654,3
42.77070236,15,0,48.39115215,1.001429511,0.404145997,3
40.72264481,6,0,47.99372892,1.046537245,0.451649403,3
52.75065613,51,0,47.75244206,0.772948507,0.095192493,3
48.72114944,49,0,42.48931909,0.692107012,0.080999475,3
52.34042358,55,0,44.06815091,0.641957575,0.091965267,3
28.21995544,3,0,39.35408454,1.452527638,1.95368433,3
43.69060516,29,0,46.84772254,0.976987401,0.331094386,3
50.24786758,43,0,51.84973931,0.875539222,0.108788198,3
39.17108536,5,0,47.52398325,1.063180902,0.314188363,3
41.84477615,7,0,48.51179742,1.018443268,0.388395908,3
40.20419312,8,0,45.83132244,1.02719667,0.577926945,3
33.66966629,5,0,43.67622414,1.306044189,1.231062754,3
35.64489365,6,0,44.42662722,1.251334202,1.148818014,3
35.82675552,6,0,41.98023045,1.081007977,0.746576143,3
37.36141586,9,0,42.45001806,1.042993406,0.744382001,3
35.35123062,8,0,40.5649277,1.082714033,0.967144138,3
38.44408798,5,0,49.80765197,1.094148703,-0.039310315,3
42.02605438,9,0,48.2508722,0.929896079,-0.136239183,3
27.38519669,2,0,40.43349049,1.430545294,1.094464628,3
45.73180771,12,0,50.79476089,0.879058778,-0.163289058,3
31.34660339,4,0,41.62640551,1.647248645,3.033570562,3
28.99571609,3,2,42.60721869,1.884122709,3.72658564,3
27.23365784,3,2,44.12608055,2.007944764,4.04357368,3
48.37974548,45,0,46.19492327,0.95669521,0.655902625,3
41.77410507,30,0,45.19206906,0.939747372,0.322276503,3
38.063797,7,0,45.85360864,1.100350224,0.406911482,3
41.51485825,10,0,47.54381525,1.032085571,0.385241328,3
42.71977234,27,0,45.48757557,0.877346595,0.227502231,3
40.39949799,28,0,42.51970899,0.858000663,0.22258058,3
37.41896439,26,0,38.75906495,0.81387156,0.130343497,3
35.81159592,12,0,40.98688967,1.073996018,0.584565969,3
45.25815964,40,6,43.92119972,1.06043484,0.938824553,3
43.71082306,13,0,50.51444554,1.072225792,0.474138502,3
43.27365112,17,0,46.83280626,0.832537192,-0.011400675,3
43.60468292,22,0,45.77768546,0.74210716,-0.159614768,3
40.90002823,24,0,43.13396951,0.786933618,0.07433036,3
38.12017822,18,0,41.62153624,0.924745342,0.422413744,3
39.59197617,13,0,43.69151322,0.913102227,0.359537692,3
38.19504929,5,0,44.31552677,1.035318207,0.656228861,3
42.90838623,39,0,41.58376214,1.05688458,0.936272468,3
32.97509766,4,2,39.81787205,1.140609867,0.950477208,3
35.66282654,5,2,43.69627709,1.194096229,1.007794676,3
29.33236694,3,2,40.34760432,1.397059818,1.314184993,3
34.51182556,4,0,45.44260523,1.368312682,1.432837233,3
46.81482697,41,5,46.61221438,1.022927712,0.531164871,3
50.29848099,41,0,49.58972568,0.94847197,0.308445865,3
42.59172821,35,4,41.60739305,0.943548945,0.455218761,3
30.20145416,3,0,41.27055537,1.275702767,0.788562008,3
41.04948807,41,5,39.18756274,1.009570467,0.893838064,3
32.52490616,4,0,41.93643071,1.182523154,0.602972756,3
38.65777206,5,0,47.18393714,1.081777976,0.453460345,3
37.85665894,6,0,43.41533357,1.006738799,0.537730215,3
37.08834076,10,0,41.44989354,0.968959776,0.585779387,3
38.87897491,11,0,46.20102711,1.200689834,1.023905202,3
36.03826904,4,2,47.42937118,1.393539554,1.453342166,3
41.31747055,22,0,45.14712541,1.124173844,0.923750612,3
39.65075684,21,0,43.96862212,1.114962547,0.788190185,3
41.30129242,17,0,46.97257184,1.157533073,0.84955036,3
37.51839828,8,0,44.39970717,1.202510673,0.869346378,3
39.35462952,7,0,48.95774328,1.308728291,1.068193284,3
40.562603,9,0,46.73558045,1.130428187,0.656615362,3
38.47903061,9,0,44.24099315,1.158362609,0.826738818,3
39.56010056,9,0,45.1657897,1.140861436,0.817151825,3
40.53341675,5,0,51.32274892,1.317057213,1.19563999,3
38.64149094,4,0,51.24233095,1.362311923,1.201341182,3
41.46534348,9,0,50.77651672,1.159713654,0.505715935,3
34.02612686,3,2,54.01753155,1.675295733,1.861788329,3
27.27127075,3,2,49.81821084,2.000378574,3.160374828,3
41.79761124,36,0,41.55075037,0.632656969,-0.405757015,3
44.25273514,36,0,43.30001076,0.585461434,-0.528565423,3
44.67096329,36,0,44.07308214,0.698341214,-0.170953896,3
44.24809265,31,0,45.69071258,0.82860278,0.128079077,3
38.36726379,7,0,44.00070013,1.079199188,0.81512357,3
35.84255219,8,0,43.94719004,1.261017643,1.034812163,3
43.85694885,35,0,44.55222469,0.924169224,0.538316804,3
34.63750076,9,0,39.75870163,1.085257979,0.411113725,3
33.59014893,8,0,38.49726024,1.090005209,0.526391955,3
34.08982849,9,0,38.34653278,1.039526625,0.380615381,3
37.89226913,10,0,41.09312686,0.968478974,0.290455091,3
37.66651154,4,0,46.55950925,1.169108238,0.860690753,3
44.11207199,36,0,46.03860091,0.867587172,0.333772615,3
39.57929611,10,0,46.74112522,1.17726694,0.919515552,3
41.54495239,21,0,45.79981752,0.983634723,0.657776821,3
36.49419785,6,0,41.78739813,1.054417955,0.829848285,3
44.55341721,14,3,50.63190652,1.085920172,0.515899906,3
44.85861206,28,3,48.41978285,1.046407762,0.610158205,3
41.80672836,31,3,43.98254225,1.073053604,0.898782094,3
42.86471939,36,3,42.73316167,0.974211027,0.746681148,3
51.84518051,51,6,42.47374918,0.972065761,1.23173788,3
51.6361084,52,5,41.66467885,0.932011846,1.198236957,3
44.18497086,31,4,43.99378013,1.064395825,0.929156544,3
44.82488632,33,4,44.30036235,1.127672498,1.320389451,3
57.87722015,54,5,54.15322979,0.693832358,-0.268471979,3
51.89633179,54,4,44.44464263,0.682505961,0.316139341,3
35.8437233,17,2,40.15661587,1.337676288,1.925061065,3
35.63141632,15,2,40.65512849,1.305885651,1.65978531,3
37.13513565,10,2,43.75936762,1.344578041,1.5449426,3
51.11357498,52,4,49.5355891,0.731271047,0.026497743,3
34.30587387,3,0,47.73412627,1.231313571,0.696513486,3
41.51692963,35,5,41.0724236,1.330180418,2.175942758,3
42.47479248,35,5,42.40588214,1.328771034,2.017738505,3
42.36361694,34,5,42.32871836,1.335391433,2.095006019,3
29.86445618,3,0,43.57084166,1.453967491,1.291060878,3
46.42887115,43,3,44.18236687,0.902102632,0.70479297,3
45.47816086,38,3,44.52617111,1.095890812,1.351209364,3
42.28926849,37,3,41.61696058,1.213819798,1.943258975,3
40.81771851,37,3,39.2541146,1.126926309,1.933289502,3
35.97745895,3,0,51.62903599,1.261217712,0.630096381,3
39.57023239,33,3,39.89698721,1.157971416,1.910175917,3
44.42514801,35,3,44.94331516,1.142837707,1.295349894,3
44.22499847,35,3,44.33159701,1.063396321,1.112307653,3
41.93561554,41,2,40.03534478,0.936910465,0.823447466,3
45.52934647,33,2,46.90071545,0.93047393,0.454984811,3
43.49714279,38,2,43.48477125,0.961776039,0.789894994,3
52.86310196,9,3,59.64274407,0.870525613,-0.327449485,3
33.68185043,2,0,50.82887074,1.327661769,0.64646094,3
44.44610977,7,3,49.81716459,0.808677258,-0.513998936,3
45.46678925,28,2,47.25362737,0.704873465,-0.556739482,3
40.38953781,39,2,38.88277892,0.710486052,-0.052223278,3
40.73281479,44,2,37.73554924,0.738193312,0.427159116,3
51.45887375,51,3,48.50959001,0.796043534,0.249938162,3
47.72090912,46,3,44.61204854,0.920310812,0.888309826,3
45.33046722,41,3,42.17672061,1.016302044,1.261286044,3
42.53567123,38,4,40.92977429,1.02718213,1.179228919,3
52.00926971,40,4,50.5213028,0.802285173,-0.031711446,3
35.29805374,4,0,43.25688995,1.046400278,0.403981221,3
46.37182999,33,4,45.69515562,0.917242914,0.428675008,3
44.43531799,36,4,42.194611,0.896644541,0.628908866,3
40.46672058,32,4,38.78968815,1.184639448,2.060277156,3
28.26796722,27,1,26.06094761,0.968423613,1.350079996,3
39.598423,44,4,28.6602826,0.894214392,2.193435239,3
34.00499725,36,4,25.30220236,1.027869381,2.504023715,3
39.38455582,41,4,30.28286335,1.186700167,3.237946962,3
29.89956665,3,0,40.80490494,1.37963162,1.673598851,3
37.98972702,42,4,29.19879855,1.064736795,2.906030918,3
43.67636871,42,3,38.90588025,1.076684285,1.567807109,3
44.74072266,45,3,39.42118328,0.991562595,1.285215336,3
48.00308609,50,3,43.0126649,0.871657822,0.689105649,3
53.6237793,7,2,63.57760934,0.801325883,-0.766085431,3
57.73360825,12,2,62.84231913,0.689398386,-0.841618165,3
51.41088104,47,2,51.22526608,0.678361706,-0.498772094,3
57.5469017,61,2,54.52319596,0.624368263,-0.416591724,3
34.19826508,4,0,45.68413699,1.285613719,1.198352536,3
45.30518341,9,3,52.31510289,1.003449774,-0.040430532,3
43.62650299,20,2,47.11694724,0.938589726,0.048331058,3
49.08971405,37,3,50.47343555,0.916604825,0.237343449,3
32.97877502,15,1,40.68334874,1.759003323,3.853820366,3
33.53129196,15,1,40.94885112,1.719688749,3.791934055,3
44.12517929,9,2,50.61111317,1.11577205,0.735465576,3
39.49471283,16,3,43.29415962,0.991264747,0.319510606,3
36.63443375,4,0,48.92979815,1.232017525,0.93642452,3
54.77803802,57,2,46.82336939,0.615145139,-0.146975486,3
50.73023987,54,2,44.58961514,0.624754889,-0.080609456,3
57.18895721,59,0,43.8776613,0.820885671,0.953186806,3
61.07227707,65,6,46.65454154,0.675984275,0.519787446,3
58.72982788,62,5,48.36374383,0.631502822,0.001591537,3
49.56944656,32,2,50.76390087,0.652432153,-0.63518467,3
49.8504715,50,2,48.06621843,0.632978316,-0.440464314,3
35.65246582,4,0,48.70616653,1.20421857,0.581837219,3
44.71548462,37,2,44.21166054,1.020951397,0.853904071,3
49.94714355,43,3,49.15966908,0.999625517,0.850639051,3
42.32579803,23,3,43.38537891,0.743827234,-0.455378053,3
51.50128174,41,3,49.87414793,0.684502603,-0.41816967,3
50.35888672,42,3,47.56613807,0.759569502,-0.096717714,3
43.41543198,40,2,40.31037058,0.797782808,0.336081014,3
45.94350815,36,2,43.67926124,0.956179257,0.787483082,3
43.60876846,36,2,40.82316792,1.098712405,1.57197211,3
21.27590942,3,2,44.87535711,2.374484146,4.618323391,3
35.36599731,4,3,48.46055323,1.424109038,1.218719882,3
40.17181396,6,3,49.89861415,1.246320964,0.89687448,3
43.6618309,34,3,43.89297407,0.987528564,0.624589735,3
47.48519516,41,3,47.06356192,0.955459142,0.657772745,3
47.19105911,39,3,48.25043783,1.002709984,0.694634418,3
46.52827835,30,3,49.32242369,0.976495077,0.416326938,3
47.42123795,12,3,52.18390369,0.986642161,0.272216895,3
38.34685898,4,0,58.01429093,1.332331452,0.431358468,3
55.76154327,60,4,46.63043173,0.616158615,0.003810929,3
52.60151672,58,4,41.61140144,0.568533844,0.190902082,3
48.56386566,53,3,38.66654658,0.739890601,0.812084352,3
47.76475525,52,3,42.23999099,0.927333204,1.158633365,3
49.12044144,43,2,48.83202228,0.66864132,-0.409856871,3
47.99397278,53,2,44.06463707,0.595492018,-0.169906733,3
40.49628067,42,1,37.94749409,0.927213873,1.185207609,3
30.87874603,3,0,45.40508035,1.473631996,1.349964998,3
35.16127777,4,3,46.68728084,1.321556487,0.83827424,3
43.98127747,20,3,47.49062536,0.895384114,-0.079194351,3
29.20105362,3,0,42.01018475,1.504088638,1.789988811,3
44.57561874,30,3,45.99591847,0.879229839,0.070300182,3
30.49159241,4,2,46.19832976,1.522400496,1.190703193,3
39.78413391,7,2,47.21758271,0.98037368,-0.211211899,3
51.15851212,17,3,54.24371907,0.771470777,-0.442860843,3
55.46339035,48,3,54.75957467,0.744244205,-0.18429001,3
31.72676468,3,0,45.58443138,1.436904986,1.410508372,3
48.57787323,48,2,45.55906626,0.900846742,0.767757246,3
43.56116486,35,2,44.03324004,0.943883173,0.591806747,3
52.56334305,50,3,50.97053725,0.782365833,0.043108665,3
39.02877808,39,2,36.65967785,0.74635301,0.151135438,3
49.79070282,47,3,47.73376703,0.87607169,0.561134922,3
43.79966354,28,4,46.17276191,1.204541821,1.417759529,3
44.02192688,30,4,45.85341899,1.224351276,1.477826936,3
34.21976852,6,4,46.40029678,1.41559644,1.143454502,3
57.49457932,44,4,57.79618839,0.757183111,-0.328492101,3
50.37886047,45,3,49.36449447,0.804742993,-0.011387692,3
53.72380829,51,4,50.2879156,0.787860726,0.148456456,3
37.50371933,3,2,50.08213295,1.137593917,0.138140665,3
35.52510452,3,2,53.76932156,1.332193068,0.414232264,3
45.58471298,27,3,49.08930689,0.951036187,0.208217217,3
41.93486023,6,3,51.35565882,1.09676289,0.196092253,3
39.64450455,33,3,40.57701296,1.225374367,2.278910304,3
40.18061829,27,3,42.66198612,1.150257056,1.614596422,3
36.41580963,4,3,46.43236783,1.237515848,0.984829526,3
43.0437355,32,2,44.1308715,0.90643094,0.381808551,3
39.94052505,30,2,40.77742438,0.979780122,0.866940564,3
46.46178436,46,3,41.41384766,0.978278819,1.47142194,3
43.20275879,29,4,45.73496708,1.216660006,1.707253887,3
41.9148941,31,3,43.56224094,1.220691926,1.8664631,3
34.13463974,7,0,43.00635521,1.190339905,0.52607833,3
39.47529602,4,0,57.83969483,1.279184097,0.405664199,3
52.79203415,56,4,41.93615008,0.518140987,-0.161750731,3
45.89217758,48,4,37.88213014,0.85517924,1.264341223,3
44.73516846,30,3,46.10927789,0.92032182,0.301666438,3
41.10779572,36,2,41.38325441,0.991621865,0.783907227,3
43.16059875,34,2,44.01297927,1.035798227,0.879451915,3
42.1255188,34,2,43.02771921,1.096485854,1.012059124,3
44.32802963,42,2,41.76367208,1.048242619,1.318284711,3
37.03792191,4,0,57.41164742,1.358181592,0.448092171,3
45.20788574,44,2,43.62088767,0.91906448,0.597814954,3
47.73991394,42,2,47.51861325,0.900833673,0.287784549,3
45.9298439,11,2,51.43792957,0.969083732,0.032144726,3
40.11174393,6,2,49.94709702,1.154207143,0.358906685,3
46.15330505,8,2,55.12332777,1.014981967,-0.015573352,3
48.11869049,23,2,50.78273702,0.90054472,0.010241925,3
49.57967758,38,2,49.91430889,0.891771439,0.181593426,3
39.23434067,5,3,49.26869216,1.221379501,0.628861864,3
45.19910431,12,3,52.12361879,1.074614382,0.382168851,3
41.94857788,37,2,40.22105821,1.145224431,1.90684636,3
42.16366577,40,2,39.61601084,1.026815439,1.529162984,3
45.51889038,30,3,46.34947693,0.928136551,0.39124844,3
49.21578979,41,3,49.84167909,0.801677102,0.003328553,3
44.93800735,42,2,44.23421509,0.79157791,0.209015583,3
39.82560349,40,2,38.50022205,0.918104301,0.99819925,3
38.4806366,33,2,38.80823771,1.094710725,1.621749257,3
35.19475174,9,0,41.83899265,1.175515787,0.942980671,3
43.76773453,39,2,44.96789631,1.096408389,1.353370492,3
39.30260849,37,2,40.14749931,1.146876093,1.502481999,3
40.20348358,34,2,41.63523907,1.17721436,1.467859333,3
40.66104126,18,3,44.44717098,0.972650894,0.152562914,3
41.06882858,6,3,50.61810162,1.149915251,0.373358666,3
36.38314056,4,3,51.51085949,1.335563518,0.6253907,3
42.63683701,28,2,46.44975008,1.233728593,1.630999238,3
37.37730789,9,0,45.52528533,1.16074755,0.611532432,3
46.52528763,38,4,44.64796555,1.061976111,1.296084176,3
52.62878418,55,2,46.94899402,0.718880405,0.116632532,3
55.00859833,58,3,48.19793361,0.777118999,0.388283195,3
60.98012543,67,3,49.84978,0.62814416,0.169898843,3
53.82159424,57,2,44.67747453,0.818196083,0.787987808,3
51.37475967,52,2,43.16457412,0.86399031,0.83572686,3
31.96969986,3,3,49.53662798,1.59218404,1.647688769,3
36.96943283,9,0,47.12711231,1.244110759,0.665109881,3
39.03398895,5,2,46.31364207,1.144107023,0.841662684,3
39.23434448,8,2,45.07932249,1.183149581,1.286156327,3
37.60512924,24,2,41.90127235,1.364523784,2.44488915,3
39.27764893,32,2,42.56939416,1.404907788,2.775720968,3
53.28364944,47,4,51.68474411,0.81089942,0.04793587,3
55.04191971,52,3,50.49938037,0.790916441,0.273264455,3
53.7665062,49,3,49.73472173,0.884832387,0.55595439,3
41.51958084,35,3,40.56860971,1.15370876,1.856029897,3
43.10170746,39,3,41.6936803,1.028352368,1.34497367,3
44.20788956,40,4,42.78719785,0.973645066,1.136594264,3
42.11831284,8,0,49.73381797,0.975896373,0.029071312,3
41.55335999,34,4,41.26843384,0.997348767,0.977970685,3
46.64872742,31,2,48.13569112,0.875619767,0.04956605,3
46.54961777,42,2,45.83162027,0.77412156,-0.011331353,3
49.21063232,45,3,48.21657483,0.839039136,0.325523946,3
48.11264038,44,5,44.23407377,0.795115171,0.065989364,3
43.68904114,39,5,40.24699674,0.863763807,0.294624098,3
23.82346344,2,0,32.33952398,1.342030598,1.470754424,3
46.64806747,39,5,43.18681937,0.909460935,0.462810497,3
44.46513748,40,5,40.05560459,0.874167598,0.513760339,3
41.2236824,14,6,43.53803664,1.298118558,1.876269752,3
49.0342598,26,3,51.36022103,0.755730915,-0.408472215,3
45.930439,34,2,46.76797142,0.79492725,-0.148912285,3
53.54660416,47,4,53.23382705,0.79306237,-0.026021959,3
38.81195068,33,2,38.7470955,1.043885899,1.077344681,3
32.18914795,3,0,43.6121863,1.2469185,0.868042234,3
51.30329132,43,4,48.91926465,0.537471352,-0.863787076,3
52.64492035,54,3,45.8914438,0.560010263,-0.346680995,3
51.75263596,58,4,42.66839193,0.485432126,-0.263315519,3
48.16625214,53,3,39.34218072,0.602732619,0.344912653,3
48.22385406,40,3,46.65560881,1.032272263,0.955489677,3
47.95210266,44,3,44.77228356,1.051291288,1.229135973,3
40.30117798,25,6,39.79935771,1.088711389,1.026792356,3
29.3898201,3,0,40.08999227,1.219827756,0.733290967,3
43.52282333,31,6,42.24785611,1.056542661,1.13198007,3
43.05400467,31,6,42.02121818,1.061276865,1.179332996,3
41.99183655,31,4,42.83066513,1.076340185,1.064587989,3
43.81971741,33,4,44.506989,1.132020104,1.296957664,3
40.88408661,28,4,42.06395094,1.265245618,1.964567743,3
44.52315521,48,3,40.83706657,0.856993954,0.916889953,3
43.48817062,48,3,39.68972495,0.820009484,0.932932025,3
44.03164673,47,3,41.72225951,0.893478025,1.056042566,3
30.17865753,3,0,41.93396148,1.232462,0.667276576,3
44.05375671,42,3,43.64649117,0.876321143,0.621042345,3
43.48894119,26,2,45.41392256,0.916484652,0.376365772,3
51.67934799,43,4,50.10856713,0.898270966,0.337225858,3
50.05198669,40,5,49.64320272,0.914738046,0.222413913,3
50.49984741,39,5,50.73656177,0.843181114,-0.10421505,3
43.51416397,7,4,50.38660471,1.008965765,-0.028406628,3
38.825634,5,4,50.57146846,1.190882249,0.271027403,3
34.60018539,3,0,51.61992588,1.498527289,1.550706423,3
30.54950714,4,0,41.28050165,1.392347091,1.834702261,3
32.1205101,4,0,43.81927542,1.35417034,1.512656222,3
31.42022705,4,0,43.03498295,1.307987677,1.230771632,3
35.90201187,4,0,46.49278999,1.205655964,0.906521939,3
32.72763443,4,0,46.86032381,1.298530582,0.743832649,3
34.10540009,4,0,50.89248116,1.356873568,0.697893913,3
32.57965851,5,0,52.36406995,1.523785452,1.049704803,3
31.50201035,3,0,43.3003016,1.376430858,1.592304394,3
32.17202377,3,0,44.61824739,1.348798742,1.365380308,3
32.74149323,3,0,45.88927527,1.351809642,1.305860194,3
30.65649414,3,0,45.29842007,1.427840281,1.331053521,3
30.06731415,3,0,46.42387583,1.506520522,1.397132327,3
31.88594055,4,0,52.55304914,1.633108973,1.587049446,3
33.80724335,4,0,44.61483811,1.226424387,0.866017413,3
35.11778641,3,0,47.99137833,1.283237581,0.93316366,3
33.21810532,3,0,45.27335867,1.3599242,1.418620559,3
24.91391373,4,0,35.59809809,1.821391139,4.216306494,3
27.00511551,7,0,47.82532078,2.245073915,4.135480377,3
23.87228775,7,0,46.67057579,2.468533944,4.956707927,3
35.10221863,7,0,44.16814109,1.238630549,0.90006399,3
33.97495651,4,0,44.54603076,1.204299568,0.631738902,3
35.92371368,8,0,42.30031287,1.184694536,1.235218228,3
31.15953064,3,0,41.72464912,1.255281143,0.961275576,3
32.28443909,8,0,38.71264813,1.273219191,1.568501049,3
34.65932083,9,0,40.45995951,1.227413398,1.628430531,3
36.15968704,4,0,48.28235401,1.227945237,0.579824249,3
25.67054749,2,0,39.73889663,1.669165485,2.331296017,3
27.21604156,3,0,41.3625622,1.670710769,2.54936789,3
18.22806168,3,0,29.81750794,2.015181883,3.633186656,3
28.17914963,2,0,40.42543322,1.534267285,2.232872165,3
26.98238754,2,0,37.32208393,1.471620968,2.313877644,3
27.5889473,3,0,44.2022746,1.655301317,2.097574282,3
30.99760437,3,0,38.73354933,1.117333117,0.705939272,3
30.22943497,3,0,51.79849586,1.75626835,2.097994407,3
26.37189102,3,3,49.7975498,1.965309159,2.700375304,3
31.08129501,4,0,41.57414408,1.412216818,1.810913947,3
33.25484848,4,0,45.00416628,1.345808142,1.351307494,3
31.88642883,3,0,43.89249451,1.28290208,0.855322371,3
36.99585724,4,0,52.57197953,1.234176613,0.34385673,3
28.5437851,5,0,44.01659589,1.710831595,2.389515985,3
22.05794907,4,0,37.83213202,2.094291744,3.83358916,3
29.92048645,5,0,48.60200536,1.766461849,2.287899255,3
27.88214111,5,0,48.46586976,1.872033533,2.395733576,3
30.27681351,3,3,52.09335647,1.757553214,2.057339312,3
30.83179855,3,0,42.94145327,1.493059271,2.228619803,3
26.72609329,3,3,50.73908871,1.984690919,2.722517181,3
38.34615326,4,0,48.5029,1.156236274,0.926582997,3
35.80756378,3,0,46.09435159,1.169650111,0.916722297,3
34.76922226,3,0,45.22561214,1.186996921,0.927456335,3
34.26416016,3,0,45.62415367,1.185458731,0.768760122,3
35.4837532,3,0,48.71502522,1.216533009,0.656647674,3
34.74155426,3,0,50.10837606,1.287795946,0.686213787,3
22.58155823,4,0,41.56602045,2.229911735,4.255212294,3
34.63686752,3,0,53.26663132,1.414705057,0.899328555,3
39.85511017,5,0,56.19431661,1.327497557,0.661270637,3
40.8658638,5,0,55.11946948,1.216269639,0.435088426,3
29.41016769,3,0,41.14806234,1.468488419,2.014187403,3
33.83443832,4,0,44.44088176,1.226784217,0.758893926,3
30.99079514,2,0,41.48607001,1.191399376,0.832271055,3
30.25200272,2,0,41.65670171,1.229684722,0.83091829,3
34.25747299,3,0,48.75176806,1.262098428,0.724062944,3
28.28690338,2,0,42.21647063,1.329584784,0.741182819,3
29.98768997,3,0,47.67608807,1.435893402,0.877068826,3
30.69403458,3,3,53.30498229,1.637374951,1.382561174,3
26.54122543,6,0,36.29129478,1.697218825,3.115854513,3
28.96207809,2,0,41.48775449,1.440599902,1.690917783,3
30.82992935,2,0,45.54768056,1.477354205,1.621294444,3
30.18643188,3,0,42.42208311,1.39779742,1.582385515,3
34.5100174,3,0,54.48036287,1.510988335,1.232582959,3
31.0880394,5,0,38.96432904,1.252858672,1.104756789,3
31.25358582,4,0,38.63950916,1.274668537,1.402907504,3
28.05444717,4,0,35.63206192,1.395994664,1.861071546,3
30.12221909,4,0,37.42447683,1.351037875,1.85113718,3
31.57458878,2,0,43.29386096,1.487636662,2.583135728,3
30.09476852,2,0,42.00017196,1.462794731,2.294125581,3
30.0069809,2,0,42.72248281,1.444720323,2.010895706,3
33.69413376,3,0,47.86780195,1.340221716,1.14476967,3
32.0501976,2,0,45.88910761,1.374203797,1.538084865,3
31.33700943,2,0,48.54376134,1.385512691,0.966187481,3
30.796978,3,0,45.62334667,1.488851778,1.832216766,3
30.14308167,3,0,46.16780529,1.520183963,1.647453733,3
29.22675323,4,0,49.80316654,1.677197654,1.642992447,3
26.6401062,4,4,49.98505393,1.964595351,2.710020153,3
27.34764862,7,0,37.55059074,1.852832799,4.072629752,3
30.73707581,4,0,47.40683549,1.473359037,1.198570512,3
29.5473175,3,0,43.24381556,1.356387044,1.022904219,3
31.15272903,4,0,50.40817116,1.554260773,1.239540956,3
29.96472931,4,4,52.92801002,1.825519259,2.164353019,3
30.7557869,3,0,43.64356703,1.429884423,1.434952899,3
33.1201973,3,0,46.37074271,1.367882712,1.288385422,3
34.05762482,3,0,51.1137332,1.50695075,1.316208583,3
31.44775009,3,0,43.88875103,1.441172378,1.711399754,3
37.84490967,5,0,43.52771554,0.855431508,-0.130457589,4
36.03586578,7,0,40.89338932,0.847094001,-0.071716049,4
24.90619659,12,0,27.87571923,1.140363075,1.451796577,4
32.08268356,24,0,33.50170796,0.880198081,0.593244662,4
30.10508347,11,0,33.45932294,1.022371157,0.73343334,4
23.6698494,23,0,23.96046955,1.119445438,1.994539008,4
43.16818619,41,0,43.10178995,0.666894845,-0.108201807,4
31.93975449,28,0,33.15536418,0.827567379,0.135678596,4
32.5830307,5,0,38.9317578,1.165561073,0.982842232,4
31.93772888,14,0,36.92062635,1.166614749,1.147750128,4
33.0329628,16,0,37.85670186,1.025619227,0.406658657,4
30.16924286,22,0,32.82858477,0.963588155,0.672173894,4
32.27675629,14,0,38.31252108,1.435492529,2.271501335,4
37.75404358,33,0,39.22081219,0.962196491,0.972353293,4
37.27499771,33,0,38.32253895,0.945550397,1.073763029,4
33.55182648,7,0,40.95610301,1.263649275,1.222880119,4
37.1677475,26,0,41.58367351,1.093272739,0.798566189,4
31.00406647,19,0,34.42786904,1.132466542,1.024371531,4
37.95413208,31,0,39.16878161,1.093388401,1.431973654,4
41.6947937,35,0,43.36586026,0.967171553,0.585386019,4
35.42555237,8,0,42.16569636,1.232872185,1.247947971,4
48.35836792,49,3,46.35565685,0.845694404,0.275137265,4
33.49123764,20,0,37.37004786,1.099753414,0.898279176,4
41.60577011,21,3,43.71821291,1.052926927,0.300133211,4
40.00510406,28,2,38.4424423,1.126785534,1.153971511,4
30.44779587,21,0,32.7573483,1.129794394,1.186215148,4
36.83955383,22,0,41.13709977,1.170568822,1.279297955,4
37.59486771,30,0,38.89958854,1.01923564,0.911112624,4
28.20253754,3,0,35.86552673,1.191738723,0.827079624,4
27.68933105,5,0,34.11744887,1.173103739,0.674229795,4
31.86256409,14,0,33.99075441,0.841515001,0.168600315,4
48.29864502,37,0,48.766051,0.608567031,-0.664755668,4
19.50636292,2,2,29.30263429,1.655381388,2.476225737,4
35.73994446,4,0,43.88815986,1.158495996,0.785385071,4
32.95676041,5,0,40.18226454,1.152590246,0.874964794,4
28.52068329,3,0,36.44878169,1.300402064,1.281815373,4
35.2114563,25,0,38.33832692,1.104096046,0.972394447,4
43.80202103,47,2,41.2366896,1.013541097,1.417736418,4
45.68244934,7,5,52.5937526,0.909766649,-0.254566335,4
48.37348557,53,2,41.60969423,0.80871007,0.665601108,4
39.2756691,6,0,47.58726684,1.258214549,1.492943087,4
24.74079514,3,0,31.27944818,1.37783502,2.241428755,4
36.58904266,11,0,40.48372038,0.926822079,0.101590932,4
39.39456558,9,0,44.67619938,1.08990716,0.776615237,4
47.8789978,42,4,43.67973893,0.912115974,0.87111101,4
53.33065033,57,4,42.44284262,0.795096358,0.862305771,4
54.86891937,56,4,48.65396745,0.688384451,-0.043563129,4
50.52754593,31,5,51.35634455,0.838659442,-0.067687954,4
33.77922058,7,4,39.72175094,1.276410404,1.17576461,4
50.18185043,37,5,47.1917131,0.894214401,0.429495945,4
28.30623627,3,0,36.73717768,1.290072793,1.548575373,4
20.32928085,2,0,28.76656347,1.624156623,2.982980534,4
30.70692444,4,0,39.13430323,1.288628443,1.688504335,4
28.94481659,3,0,40.11504917,1.337575847,1.234238848,4
31.27699661,4,0,41.88561009,1.169650633,0.71719587,4
26.20202255,3,0,39.21514677,1.296534643,0.493817442,4
23.22933197,4,0,35.02299513,1.543253574,1.423095867,4
31.44269562,5,0,39.77052867,1.40466213,2.312894188,4
30.43027878,4,0,41.86026989,1.350130548,1.033426689,4
25.54438019,4,0,32.52259497,1.294652537,1.836092685,4
24.88426971,3,0,31.76643925,1.188780361,1.223408471,4
25.77578735,2,0,34.65340295,1.241128232,1.233958429,4
25.18557358,3,0,32.26079937,1.331371917,1.896631039,4
28.94088364,3,0,36.16748605,1.211548013,1.588853666,4
28.79970551,5,0,40.03595574,1.51736027,1.891569584,4
18.03393936,2,0,25.55139583,1.60847784,3.268228956,4
23.21562195,3,3,41.6701172,2.090958771,3.910470112,4
31.06774139,5,0,43.21180896,1.437306644,1.406566933,4
27.83999252,4,0,43.79961009,1.593112868,1.701858446,4
21.93409729,2,0,31.03862408,1.53516034,2.222548937,4
25.28032303,3,0,33.79130194,1.195268869,0.895372442,4
22.08862305,3,0,28.10556818,1.208526149,1.554156072,4
25.53884506,3,0,36.73820589,1.59629807,2.554008759,4
32.63114548,3,0,37.9347197,0.677343482,-0.6651054,4
21.7432251,2,0,34.47520429,1.931657682,4.588898884,4
18.45140839,2,0,29.47804614,1.93846538,4.758741442,4
28.59188461,3,0,36.51692543,1.25072577,1.557342895,4
25.47643661,2,0,38.51782827,1.518934666,1.630611791,4
25.32268143,6,0,29.97528849,1.376862449,3.001547426,4
29.62133408,3,0,43.60485658,1.521341835,1.880497012,4
26.06271744,2,0,36.72532063,1.461068696,1.799419422,4
28.36179733,3,0,40.04375321,1.443539051,1.768525992,4
30.81886292,3,0,41.00690378,1.42912656,1.8722791,4
24.90435791,3,0,36.54381555,1.597537468,2.426709724,4
22.90226746,3,0,30.68779412,1.661150986,3.620213956,4
24.64658737,3,0,35.28830229,1.681422221,3.239302958,4
46.67737579,15,3,49.90734489,0.891714958,0.07442191,4
24.87243652,2,0,34.55166993,1.562989047,2.451128933,4
22.78700638,2,0,34.38680198,1.802140603,3.412255349,4
20.92658234,2,0,30.32927883,1.925820591,5.142800448,4
22.43987274,2,0,35.30702285,1.867704396,3.801930247,4
33.67705917,23,0,35.85789065,0.932302245,0.357163084,4
31.28150177,13,0,36.47054267,1.335788108,1.735557408,4
37.07199097,31,0,38.45083508,0.932099678,0.750835854,4
27.6017189,4,0,33.12994841,1.114637111,0.922713432,4
35.52958298,4,0,44.64281754,1.089546815,0.255560724,4
24.49856186,3,0,29.32317787,0.907505016,0.285755182,4
43.55912399,40,0,44.81315894,0.819823678,0.195877945,4
38.58047867,16,0,42.96212538,0.997194109,0.354481955,4
42.78139496,38,0,44.37279488,0.807804062,0.104164452,4
35.0839653,12,0,39.90052953,1.093366763,0.78978617,4
24.94723511,2,0,34.59994483,1.533859494,2.234281111,4
25.79132462,2,0,38.06366746,1.663053462,2.71004747,4
26.20000076,2,0,41.08600533,1.783023888,3.102246879,4
26.76557922,4,0,33.2345457,1.278410668,1.767446726,4
24.3585968,3,0,31.24645893,1.339971068,2.189346748,4
34.48335648,7,0,39.03817071,0.861333615,0.049482192,4
36.09747314,5,0,42.2130965,1.051937931,0.598248927,4
34.80107117,22,0,38.22940108,1.222399648,1.632363463,4
33.75931931,23,0,35.20315283,0.908959954,0.626137286,4
27.03606033,5,0,34.38964477,1.231120797,0.874907658,4
27.63920593,8,0,31.70761981,1.073855608,0.829563186,4
36.12508774,30,0,37.93727754,0.924943412,0.552265314,4
30.78738022,5,0,41.41740334,1.354419993,1.157658406,4
39.17105484,26,0,43.23019497,1.13648223,1.158764155,4
31.20127487,4,0,41.54101802,1.520945671,2.15173268,4
35.78246307,24,0,39.13232562,1.157946216,1.2777648,4
29.66639328,4,0,37.967512,1.281698229,1.12925302,4
30.51913071,4,0,37.94133577,0.741839268,-0.93801143,4
27.23143005,3,0,32.68187679,0.916762772,0.275526786,4
29.84610748,4,0,40.15970381,1.294166319,1.001172679,4
27.41790771,4,0,35.64450617,1.175525658,0.753880369,4
25.21788788,3,0,32.40194822,1.304942263,1.881455315,4
24.67909241,3,0,31.7145001,1.355513769,2.246665478,4
29.25442123,4,0,37.56332495,1.326147301,2.038705287,4
25.93527603,3,0,33.42055719,1.318986137,1.980455033,4
26.57238388,3,0,34.54315055,1.181698476,1.05786581,4
22.77468872,2,0,29.70125197,1.286421476,1.340569815,4
26.80419922,3,0,33.44012235,1.176642164,1.218292384,4
29.26455688,3,0,35.54774855,1.150209593,1.363758792,4
29.30587006,3,0,34.61682102,0.9769197,0.68104391,4
24.72125244,3,0,29.04821645,0.964475344,0.822194482,4
22.52593994,2,0,29.79364464,1.431220582,2.47801971,4
23.37026978,2,0,30.7842523,1.375482962,2.330960057,4
22.74273682,2,0,30.14206603,1.414288743,2.489018924,4
24.37945938,2,0,32.20403883,1.299714062,1.850549112,4
21.45104599,2,0,28.83422045,1.337450986,1.911454816,4
25.43310928,2,0,34.52487806,1.247733807,1.261853489,4
20.84566879,1,0,29.41468223,1.372693742,1.809910781,4
32.39831161,5,0,39.97999613,1.038687712,0.149443586,4
31.17733383,4,0,39.16729299,1.134020206,0.577591606,4
18.79927063,2,0,23.63261054,1.275075155,2.220460731,4
29.55747986,2,0,39.14544796,1.321408087,1.723000852,4
26.09143448,2,0,35.96193194,1.405673386,1.841492655,4
23.61079025,2,0,33.77767862,1.418324835,1.579083947,4
25.87338638,3,0,32.52347976,1.234322173,1.36659109,4
24.84087753,3,0,31.23989616,1.441385051,3.04724749,4
24.74323654,3,0,31.08154269,1.408725304,2.870039224,4
24.91880417,3,0,30.64060774,1.34355243,2.806041843,4
23.77174377,3,0,29.16365898,1.312055597,2.484558717,4
21.38314056,2,0,26.47803538,1.253458095,2.020091425,4
21.99265289,3,0,27.54079587,1.358176922,2.217499637,4
21.18919373,3,0,27.20990139,1.397174989,2.336134344,4
24.86219025,3,0,32.11952581,1.342505872,1.946452757,4
25.39645004,3,0,33.74882308,1.428476231,2.166996407,4
26.58771133,2,0,36.28344842,1.407163626,1.847118186,4
24.52315903,2,0,34.73246144,1.443336751,1.73368903,4
26.32341766,2,0,38.84100926,1.440619512,1.386510423,4
25.81945038,3,0,32.62209477,1.286086896,2.040646329,4
28.62422943,3,0,36.0296979,1.21981649,1.625095773,4
26.39471817,2,0,33.96818806,1.252974866,1.582050696,4
33.64107132,3,0,47.13108965,1.347969317,1.015852328,4
26.60813141,3,0,35.15340043,1.293958415,1.126574712,4
27.49766159,3,0,35.69393796,1.371147644,1.760431263,4
24.61122131,2,0,36.42256234,1.604163736,2.455646614,4
26.13150406,2,0,40.29375102,1.598705022,2.104607782,4
22.57902527,2,0,37.40142934,1.787667754,2.647318812,4
28.36203003,3,0,37.13202444,1.507735725,2.647545954,4
27.87719727,4,0,36.46577347,1.563917042,2.981822623,4
26.34469986,3,0,34.60559098,1.571219734,3.199786558,4
23.99836349,3,0,31.7813242,1.631631754,3.54957284,4
20.52751541,2,0,27.52769446,1.646143009,3.626213436,4
22.545784,2,0,30.58018737,1.669771459,3.65723311,4
23.11597443,2,0,31.58696297,1.588697694,3.108161005,4
22.88911819,2,0,31.95314231,1.575867604,2.769952334,4
25.6856308,3,0,38.7133969,1.676804424,2.537023252,4
24.5319519,3,0,36.05759201,1.738962016,3.380899106,4
24.32172394,3,0,35.15651142,1.691487904,3.290650579,4
22.99862289,3,0,33.16536942,1.69076734,3.426897472,4
22.18002701,3,0,31.65838122,1.657820216,3.475593651,4
23.03815842,3,0,32.69807519,1.59692962,3.176525439,4
25.68445969,3,0,36.28121848,1.538005686,2.76537383,4
25.87833786,3,0,37.50210498,1.608210977,2.904378231,4
27.38227844,3,0,39.78717985,1.537358588,2.342950342,4
25.46328354,3,0,37.70898375,1.564535875,2.335536461,4
32.03426743,5,0,45.71460264,1.369162652,0.910326968,4
29.13205338,5,0,41.77155555,1.497825574,1.642475301,4
24.18904877,4,0,35.64047158,1.69302992,2.541203213,4
30.19336319,5,0,39.49014718,1.296555508,1.268845581,4
33.61640549,6,0,42.3727979,1.180983458,1.029310152,4
30.66097641,5,0,37.72872674,1.028114305,0.430927725,4
32.48681641,5,0,39.85086211,0.93181707,-0.01940557,4
34.65345001,6,0,42.80799596,0.919646389,-0.215554345,4
29.31703949,3,0,41.68604029,1.358591818,1.272745485,4
30.30834961,3,0,45.50934369,1.43417889,1.27246958,4
26.15774536,2,0,42.57218193,1.647066272,1.897634033,4
23.14435196,3,0,31.00956447,1.333461977,1.464785159,4
26.03268814,3,0,32.6549569,1.103141283,0.80391701,4
24.11177063,2,0,31.79841042,1.043617449,0.317014618,4
29.00101089,4,0,34.59294704,0.952929406,0.586154602,4
27.12340546,3,0,32.23820409,0.947287329,0.616687757,4
29.45823288,4,0,35.0737,0.89431033,0.2608915,4
21.99374008,3,0,26.60060189,1.010613036,0.87865385,4
24.52368927,3,0,30.61851183,0.995967362,0.582635715,4
22.99248123,2,0,29.39095598,1.036521423,0.584014937,4
23.16845703,2,0,33.73271691,1.675886866,3.414098586,4
18.85513687,2,0,27.85979357,1.696877658,3.398195926,4
20.66295242,2,0,30.78873412,1.633965886,2.966732476,4
16.71512222,1,0,25.46738147,1.659916282,3.025550017,4
17.51826096,1,0,27.37395114,1.599498223,2.351287191,4
20.49124527,2,0,33.11259844,1.662712958,2.286095195,4
22.21540451,2,0,37.74470067,1.69128039,2.041142951,4
20.06597519,2,0,28.77543099,1.699756548,3.880704405,4
17.19338608,1,0,24.89935638,1.761323885,4.222043216,4
17.7143631,1,0,25.43022603,1.619911368,3.327536148,4
18.04462814,1,0,26.11864375,1.619838549,3.164417764,4
17.84985733,1,0,25.9760125,1.53445513,2.658400116,4
17.00653076,1,0,25.38785598,1.625349547,3.052792587,4
20.1511879,1,0,30.54366347,1.511023761,2.111039892,4
21.17970657,2,0,33.21729541,1.811001737,3.480502786,4
21.89152527,2,0,37.40442162,1.953920988,3.636586924,4
22.88258743,3,0,41.57148722,2.09539353,3.929400509,4
31.38946152,4,0,44.93049386,1.449851214,1.203201257,4
28.93508911,4,0,38.39471265,1.150504227,0.57730161,4
31.52399063,5,0,42.80444301,1.179780969,0.49661915,4
30.98469162,4,0,42.72494422,1.181713085,0.356424614,4
32.1855545,4,0,44.53026401,1.15527628,0.184827635,4
37.38005066,5,0,51.92120606,1.086159269,-0.190423889,4
30.70125198,4,0,43.11087825,1.443782255,1.429934928,4
24.6548996,4,0,32.60018387,1.241212623,0.931969221,4
31.41868591,5,0,39.94183415,1.091619083,0.558602224,4
25.61724854,4,0,32.12226483,1.058465239,0.633006211,4
25.55786514,4,0,31.46968171,0.953179874,0.208559367,4
26.13918686,4,0,32.40241995,0.999930725,0.419913121,4
31.80964279,5,0,40.00596669,1.017942135,0.318598186,4
28.84589767,5,0,37.71721442,1.160214841,0.795243823,4
28.52709198,4,0,38.66341979,1.344364128,1.832434662,4
30.3062706,4,0,41.73666532,1.361846149,1.658727635,4
26.78164673,3,0,37.6657897,1.36910011,1.545329231,4
27.76620483,3,0,40.22209201,1.407762321,1.450034449,4
29.23408127,4,0,43.88257523,1.44475394,1.341019212,4
27.51137924,4,0,43.69285234,1.59677557,1.715753472,4
25.51366806,2,0,34.39469523,1.357207114,1.853444686,4
22.2618866,2,0,30.88879698,1.421226838,2.009469978,4
25.8416214,2,0,36.7897727,1.419624158,1.730764023,4
24.65312195,2,0,36.63425314,1.550443304,2.14915042,4
27.32566071,3,0,44.46695701,1.639129845,1.871297407,4
22.65863037,2,2,39.21653465,1.702139386,1.867765197,4
23.67053223,3,0,45.36616134,1.981434184,2.77653014,4
27.20598602,3,0,37.500799,1.498972798,2.562806526,4
26.9515152,3,0,37.5698836,1.466249972,2.171855482,4
25.54901886,3,0,36.51277032,1.526054383,2.345799908,4
25.90121841,3,0,37.83223236,1.570011894,2.344352199,4
22.97826385,3,0,34.87431866,1.643485675,2.500326572,4
25.50479126,3,0,39.97633644,1.679538545,2.354017027,4
25.51805496,3,0,31.50730439,1.101896589,1.046116005,4
24.27075958,3,0,30.26432852,1.161361599,1.328485449,4
20.71511078,2,0,26.19847747,1.123224984,1.065730535,4
24.04073334,2,0,30.75672473,1.126071594,0.876823665,4
21.90018082,2,0,29.00015805,1.169682909,0.874333243,4
26.04277039,2,0,35.66189252,1.247012718,0.929856202,4
23.39417648,2,0,33.37021436,1.274665445,0.784205987,4
25.37422562,2,0,38.13387713,1.630050311,2.177453086,4
23.47764969,2,0,33.9619414,1.579014906,2.532810268,4
21.55512619,2,0,30.95818298,1.542558223,2.25321206,4
27.1240921,2,0,36.91415134,1.434103614,2.225340661,4
27.64884567,3,0,37.08735686,1.435738947,2.542784989,4
25.53366089,3,0,35.51626918,1.457543269,1.790106489,4
21.37644196,3,0,28.153962,1.293528793,1.5822655,4
24.93295288,3,0,33.67674894,1.200526955,0.913314736,4
22.49085617,2,0,31.14615657,1.169157163,0.626216297,4
26.75889587,4,0,34.09585183,1.182143578,1.234726158,4
29.19104767,4,0,36.26981017,1.001053469,0.475401847,4
26.64847183,4,0,33.01363792,1.044874423,0.785048368,4
26.85535049,4,0,33.58685908,1.090469271,1.012235143,4
27.36899567,4,0,34.85543499,1.216698327,1.57352751,4
21.76109314,2,0,27.97303425,1.219042657,1.602757564,4
20.50379944,2,0,26.75369467,1.243086202,1.557590598,4
21.313694,2,0,28.0268703,1.149231197,0.977189119,4
26.10419083,3,0,34.84755243,1.364713351,1.821657619,4
28.00393677,3,0,36.6381504,1.329192253,1.849838982,4
25.16335678,2,0,36.64009401,1.6042486,2.590140286,4
23.50054169,2,0,33.2277845,1.575793086,2.917092225,4
22.17134094,2,0,31.14291602,1.568445502,3.038001761,4
24.97044373,3,0,32.96772245,1.673192106,3.884010049,4
25.97336578,3,0,34.09053239,1.682798032,4.260575178,4
19.94420242,2,0,26.33673465,1.741804796,4.690106442,4
27.87321091,2,0,40.74070366,1.452581205,1.402803095,4
22.84357834,1,0,32.54084341,1.363524297,1.170718959,4
20.48655319,1,0,28.99437913,1.355045127,1.356911162,4
22.31816483,1,0,31.80443721,1.462936904,2.18469314,4
23.62573624,1,0,33.71984214,1.497531333,2.385473675,4
32.5538063,4,0,36.47446923,0.658981472,-0.361307214,4
27.34497833,3,0,30.94175911,0.702322309,-0.221913362,4
30.70941925,3,0,34.97315774,0.627903295,-0.673729706,4
32.28620911,3,0,37.79598988,0.68164962,-0.651407441,4
19.28995132,3,0,27.68659535,1.728661078,3.043574285,4
19.17308044,3,0,26.57855106,1.577140613,2.613766578,4
14.94481277,3,0,20.89373237,1.823195174,4.479595688,4
30.77922058,3,0,39.26014463,1.220498207,1.320806568,4
21.33821106,3,0,29.36218269,1.463947503,2.243370622,4
25.89366531,4,0,33.44500266,1.260542454,1.589746967,4
26.4253006,4,0,33.49023348,1.160413828,1.20335381,4
24.15340042,3,0,29.72280797,1.006719631,0.712838783,4
29.38985825,3,0,41.70351897,1.478763786,1.509457072,4
26.10078049,3,0,34.00828981,1.311681269,1.499382187,4
27.22138596,3,0,34.45628246,1.295886292,1.940700045,4
27.42826462,3,0,34.52931312,1.255739867,1.8844765,4
26.96010208,3,0,37.29693707,1.429849949,2.006135353,4
25.08706665,3,0,36.26434488,1.543290512,2.262749197,4
24.47337341,2,0,37.03024006,1.60083244,2.227009557,4
21.39895248,2,0,34.38417776,1.940642523,4.64225698,4
21.94083405,2,0,34.90272117,1.922396205,4.774678568,4
19.61573029,2,0,31.67043319,2.050013174,5.560785832,4
19.85589981,2,0,31.95860854,1.924634274,4.463221431,4
18.99791718,1,0,31.03058278,2.080971168,5.663654103,4
18.09383392,1,0,29.39234691,1.946249996,4.804036852,4
24.03388596,2,0,32.05292021,1.509024423,2.848184625,4
27.79532242,2,0,36.68820595,1.414001271,2.314081115,4
25.21287918,2,0,33.65758659,1.457639245,2.381047974,4
26.67253494,2,0,35.56554554,1.379198926,2.00614185,4
28.44973755,2,0,39.21722354,1.404802567,1.931280286,4
21.88005066,1,0,31.37282286,1.507566527,2.291436422,4
23.00048447,1,0,34.00049102,1.473664001,1.859113762,4
26.34824753,2,0,40.99895686,1.585541359,2.039685701,4
24.27621078,2,0,33.54490063,1.396972292,1.369621759,4
29.75307465,3,0,38.42869318,1.177374291,0.735310713,4
23.75575638,2,0,30.5770171,1.189188617,0.998533416,4
24.62399673,2,0,32.15732913,1.369857007,2.146834523,4
28.24015427,2,0,36.4071047,1.25862812,1.590361443,4
26.04180527,3,0,33.64507315,1.402048788,2.252959195,4
24.71942902,2,0,32.34126462,1.367397102,2.004433016,4
26.33338547,2,0,35.15956304,1.378670157,1.867365301,4
25.23160934,2,0,34.82532033,1.391384584,1.701824937,4
26.05724335,2,0,37.83354295,1.50482985,1.896338388,4
27.21438217,2,0,41.36613258,1.526184669,1.673612729,4
21.67227173,2,0,35.27497975,1.714500547,2.251401985,4
19.92892456,2,0,33.84088262,1.706634239,2.249526465,4
19.26240158,2,2,35.48245177,1.969003201,3.231380164,4
17.19623947,2,2,34.68252038,2.186918182,4.152576075,4
24.26800156,2,0,33.69289787,1.487407513,2.509378174,4
24.84968185,2,0,39.55151368,1.632635957,1.908432855,4
25.12582397,2,0,38.40904787,1.52334248,1.64754825,4
25.41391373,2,0,37.64886353,1.521288518,2.104630227,4
24.83148575,2,0,36.48553467,1.593927894,2.877785392,4
21.8507309,2,0,32.09778978,1.637753841,3.290311466,4
20.23674011,1,0,29.64267367,1.680151478,3.737115179,4
31.31208801,5,0,39.88365723,1.312006639,1.537990617,4
27.71871185,5,0,34.06985256,1.28535743,1.967848951,4
25.890522,3,0,31.87190041,1.057264021,0.807207605,4
28.60203934,3,0,36.32006581,1.098314075,0.785050014,4
28.2610817,3,0,37.41548951,1.060448007,0.235254298,4
31.49341583,5,0,37.45995546,1.162077942,1.604156189,4
30.83639526,6,0,35.81142251,1.147535661,1.763020451,4
26.93280029,5,0,31.8577686,1.355237825,3.008615235,4
24.97852325,5,0,29.84429625,1.389403773,3.059382594,4
29.03345871,3,0,41.5485282,1.577516634,2.358883569,4
31.9587326,3,0,45.59041932,1.535184357,2.114260918,4
27.04388046,3,0,39.10982896,1.575136867,2.284221484,4
27.35132599,3,0,40.12893171,1.58308288,2.281333997,4
29.23483276,3,0,43.51640483,1.524523875,1.89211045,4
26.67446136,2,0,40.5496878,1.557849043,1.992243647,4
20.36612701,1,0,30.96778167,1.662855012,2.785795205,4
19.15058136,1,0,28.70382658,1.652609068,2.988580182,4
20.40348053,1,0,30.65313362,1.68218072,3.150438959,4
19.9101944,1,0,30.61224223,1.748899789,3.470706085,4
25.10990524,2,0,32.49699508,1.302771155,1.304634703,4
25.85966873,2,0,34.11094709,1.476212266,2.243431735,4
26.00533295,2,0,34.64251049,1.516226819,2.588322588,4
32.49285889,4,0,44.62225644,1.390779545,1.437290773,4
25.7389946,2,0,36.60041837,1.467878498,1.826909457,4
30.4006691,3,0,41.45261949,1.357032352,1.437917752,4
27.07689285,2,0,38.16876985,1.447657171,1.964157281,4
24.06124878,2,0,34.77847312,1.485955724,2.097388633,4
28.0071373,2,0,39.9580896,1.447296113,1.781828306,4
25.31084824,2,0,37.55999579,1.460607551,1.764567574,4
20.48035431,1,0,31.62937317,1.485310231,1.664951745,4
28.34537125,2,0,38.526466,1.423541443,1.668459857,4
26.49743652,2,0,36.44746811,1.517901078,2.31275356,4
27.08546066,3,0,37.29742589,1.504683188,2.156105817,4
23.60463715,2,0,32.82664838,1.512982326,2.209806287,4
26.22471619,2,0,37.20469339,1.525009515,2.119542904,4
29.0008316,2,0,41.41394791,1.520737603,1.995144856,4
27.52970123,1,0,40.99011357,1.561490246,1.930646869,4
24.5896225,1,0,36.28406762,1.692288707,3.053315677,4
24.02917099,1,0,35.93028969,1.766598176,3.431821843,4
25.30950928,1,0,38.20170804,1.767271829,3.413679782,4
25.0904808,1,0,38.48550949,1.819728215,3.602481663,4
22.27927017,1,0,34.79578002,1.812699799,3.41979348,4
25.85111237,1,0,40.95863698,1.789912225,3.134778949,4
23.67521667,1,0,38.01214365,1.803583908,3.173734798,4
26.47686005,2,0,34.56284456,1.44072508,2.393439803,4
28.32374191,2,0,36.63367711,1.298881418,1.668575286,4
26.14375305,2,0,34.49842902,1.3727449,1.951380961,4
25.19483185,2,0,33.58059921,1.320919848,1.639559543,4
23.97335052,2,0,33.02448646,1.388220542,1.747892044,4
29.46307373,2,0,41.62122337,1.35539564,1.390365192,4
26.07025909,2,0,38.77170068,1.470016091,1.640163386,4
30.78329468,2,0,48.15175218,1.501767802,1.40880873,4
22.68486404,2,0,32.51376986,1.356747923,1.648620617,4
25.88673019,2,0,38.27157422,1.449568609,1.86609748,4
20.88827896,1,0,32.18710244,1.458324425,1.691217274,4
24.48677063,2,0,39.46098188,1.58112832,1.914508468,4
21.2989006,2,0,36.6651117,1.699633934,2.123642711,4
20.95100021,2,2,39.50539292,1.994593234,3.217610548,4
27.97826004,4,0,34.45706408,1.256213426,1.772532922,4
26.27642441,4,0,32.43295418,1.276166029,1.881552891,4
26.44824982,3,0,33.10974795,1.288053333,1.80793029,4
24.96752167,3,0,31.82694691,1.376795175,2.130112625,4
23.60504913,3,0,29.92641676,1.283745795,1.74426535,4
25.51189423,3,0,32.83183727,1.346677277,2.012072608,4
24.2529335,2,0,31.48165215,1.271527789,1.561589629,4
24.02043152,2,0,31.11811174,1.350535906,2.238931391,4
22.97761154,2,0,31.12972457,1.332985059,1.681543887,4
25.82329178,2,0,35.97737817,1.294802049,1.181181921,4
26.16517639,3,0,32.23657206,0.794832294,-0.531915634,4
34.11535263,6,0,38.92767126,0.865288382,0.059099144,4
27.1984787,20,0,28.85247764,0.878000257,0.541620611,4
33.90044785,13,0,38.01948735,1.01482726,0.470100153,4
35.12327576,4,0,43.27893475,1.101458273,0.549028258,4
35.72195053,5,0,42.11171788,1.056064602,0.610518441,4
38.69513321,25,0,42.40219478,0.884980619,0.278641341,4
37.60717773,23,0,41.17420287,1.132511821,1.265451008,4
33.71055603,21,0,37.1532817,1.191370029,1.547613893,4
34.40072632,21,0,38.14114561,1.230999148,1.660036725,4
34.34315872,22,0,37.89503032,1.166418109,1.339054122,4
37.20904922,23,0,40.99464144,1.136468702,1.140680578,4
32.44786835,14,0,37.37303568,1.214033665,1.40268465,4
33.38474655,23,0,35.08862419,0.916724835,0.650785899,4
33.54353714,22,0,35.38250109,0.897362693,0.572469381,4
39.28278351,26,0,41.22570082,0.832715682,0.19671402,4
36.1235733,19,0,39.06632056,0.8974465,0.243059411,4
32.61441422,7,0,40.35990413,1.173553348,0.68843881,4
26.6566124,5,0,34.29989856,1.237136575,0.89494505,4
31.26013565,5,0,43.43478827,1.289617463,0.645767506,4
31.88124466,21,0,34.92491598,1.016757126,1.029292764,4
31.85578918,24,0,34.89691503,0.928445585,0.430853749,4
27.23658371,8,0,31.61388158,1.080030032,0.8455751,4
34.22731781,5,0,41.04250664,1.082526467,0.564361217,4
29.67734909,3,0,37.50489922,1.122697321,0.484310945,4
24.55727768,2,0,34.89678034,1.342874556,0.952191582,4
20.04494476,2,0,27.52972778,1.501960653,2.203246906,4
25.7896347,3,0,34.62122879,1.505230169,2.281082398,4
28.86120224,6,0,36.04900579,1.360900968,1.875210282,4
30.37315369,9,0,36.90800794,1.330484991,1.860955105,4
33.07049561,11,0,38.95344715,1.213509409,1.497189921,4
31.1274147,13,0,35.93426389,1.221505908,1.670207374,4
17.2280159,2,0,29.34075008,2.011096785,3.591900495,4
25.18609238,3,0,39.41460802,1.728516093,2.488588955,4
35.7469101,30,0,37.83752534,0.931152115,0.568508363,4
32.12222672,30,0,33.39953653,0.904485026,0.539308992,4
38.84395599,36,0,39.86103786,0.862636563,0.4297527,4
34.29698944,33,0,34.98622951,0.938731682,0.92418588,4
26.70014954,4,0,39.48689751,1.606388485,2.080430867,4
29.41348648,5,0,41.08837363,1.481014864,1.668274356,4
27.74167633,5,0,36.69930091,1.399505326,1.587938919,4
31.22405624,6,0,38.80517259,1.254570945,1.1960121,4
34.59601212,9,0,41.40311224,1.214289339,1.191283831,4
37.70998001,14,0,44.51282932,1.196392644,1.101635115,4
35.39040756,20,0,40.33495192,1.097612029,0.846880335,4
32.33786392,23,0,35.77624374,1.072993286,1.013797015,4
30.59143829,4,0,44.32258645,1.43940527,1.221166301,4
30.42417526,5,0,41.31660904,1.358782971,1.171243309,4
32.49757767,22,0,35.19653153,1.090057101,1.17685551,4
29.98462677,6,0,38.1322749,1.257659662,0.999860455,4
30.8482399,9,0,36.59484484,1.133490531,0.79102571,4
31.99608231,13,0,37.13489157,1.178131575,1.145644349,4
37.45250702,22,0,42.50174102,1.172172572,1.159705359,4
38.79489899,26,0,43.11949253,1.142797438,1.177525086,4
38.76107788,28,0,42.26559232,1.093393226,1.046848347,4
37.40861893,26,0,40.57455303,1.084972807,1.069626439,4
39.50192642,29,0,42.389641,1.077248387,1.15791521,4
30.03834534,3,0,41.15858375,1.523204671,2.168141552,4
30.80550003,3,0,41.46347415,1.526413679,2.170759309,4
34.85846329,4,0,44.67012497,1.311240691,1.308272957,4
35.96058655,4,0,45.47100983,1.301672192,1.213698689,4
36.93357849,4,0,46.89304891,1.267394937,0.903461681,4
27.7026825,4,0,34.87950412,1.31356848,1.44469713,4
34.07394791,24,0,36.28377131,1.039816493,0.685438214,4
35.48719788,24,0,39.14100027,1.203559405,1.253793674,4
33.36317062,13,0,37.70124225,1.168561074,1.035466625,4
30.0657196,8,0,35.07321301,1.222261342,1.192272213,4
34.90111923,24,0,37.7370745,1.087662836,1.138435558,4
35.38454819,23,0,39.02697261,1.165942344,1.302302772,4
36.20016861,24,0,39.83908413,1.166491941,1.353108901,4
31.11178589,16,0,35.1471286,1.255950174,1.669030667,4
26.19585419,11,0,30.17319407,1.305194377,1.861054529,4
18.45782471,2,0,30.06797602,1.882217672,3.582489629,4
22.11213303,2,0,33.99116148,1.616384777,2.015841758,4
21.52628708,2,0,32.07964908,1.563532558,1.952021469,4
22.74020767,3,0,32.24699875,1.50318661,1.968418735,4
24.65587616,3,0,33.37454661,1.353003481,1.318416961,4
29.3081131,4,0,36.77823482,1.20078028,0.96275232,4
27.97219849,4,0,32.89883124,1.006904541,0.453511807,4
22.30397415,2,0,33.29426432,1.485710818,1.468626017,4
22.21899033,3,0,32.27076558,1.550156414,1.884370797,4
23.43375778,3,0,32.47019271,1.365521858,1.170904265,4
26.46720505,3,0,35.45076088,1.392058488,1.42842084,4
29.29566574,4,0,37.87884073,1.287579601,1.14833904,4
28.44811249,4,0,36.00367624,1.341659131,1.563420354,4
34.29072189,5,0,41.92694072,1.1984957,1.0080893,4
28.44301605,5,0,34.81218478,1.324281657,1.706501475,4
33.6777153,7,0,39.70862238,1.145737614,1.086463997,4
30.53710938,3,0,39.73800598,1.30786135,1.153278227,4
31.06535721,4,0,42.06517772,1.430603339,1.467244711,4
30.15462875,3,0,37.82214843,0.744764743,-0.93169736,4
24.62247086,3,0,32.27533845,0.959353008,-0.210619476,4
30.97788239,3,0,42.35577054,0.949032434,-0.568420993,4
18.55760193,2,0,27.71759755,1.246921674,0.572880989,4
23.14880753,2,0,36.87031945,1.270948572,0.083804084,4
24.93516541,2,0,33.57746358,1.385204744,2.151232307,4
20.80104828,2,0,28.60356129,1.491517751,2.241175956,4
24.36261749,2,0,30.48431921,1.090753046,0.915053454,4
22.45180893,2,0,30.43127761,1.078608574,0.287108803,4
24.44431305,2,0,34.98365986,1.268193954,0.820644102,4
27.02602768,3,0,33.1265964,1.005990456,0.56168709,4
26.91330719,3,0,32.54604844,0.922439232,0.295564188,4
24.1666832,3,0,29.17748484,0.917367963,0.326682639,4
21.29492569,2,0,25.96013354,0.970392246,0.739016218,4
18.00029755,2,0,22.28313028,1.053253093,1.146738344,4
19.41336823,2,0,24.13669177,1.01772133,0.921410464,4
20.47113419,2,0,25.65332933,1.018112615,0.788057035,4
20.76756668,2,0,27.23341653,1.064077307,0.572229427,4
27.63812256,2,0,38.07589465,1.243313065,0.556353377,4
27.33460236,2,0,39.84627398,1.528345621,1.975016381,4
28.19134521,2,0,42.13170121,1.564103862,2.00447243,4
29.05175018,2,0,38.95682356,1.258885827,0.891222595,4
30.25001144,2,0,40.52417625,1.35141055,1.441720333,4
28.35895538,2,0,37.79029923,1.384483864,1.800078153,4
25.72410965,2,0,34.81280987,1.481296279,2.26117317,4
24.69356155,2,0,33.79407277,1.508032337,2.310056549,4
25.56934357,2,0,35.61595277,1.585185434,2.630158258,4
24.52656937,2,0,34.44195799,1.571196776,2.484914436,4
27.24965286,2,0,38.43384449,1.525346122,2.153479207,4
27.18076324,2,0,42.23205494,1.664506681,2.111422089,4
27.47302628,2,0,41.5277027,1.679481287,2.540145507,4
21.14493561,1,0,34.91744039,1.842117809,3.157193146,4
24.65206909,2,0,37.10553567,1.749976469,3.021878986,4
23.87079239,2,0,35.92063838,1.748844462,3.116362163,4
24.07760239,2,0,36.30568676,1.789711279,3.386897977,4
22.48127747,2,0,34.2522129,1.812826212,3.461941406,4
21.92795181,2,0,33.66836,1.82862236,3.44216709,4
21.74903107,1,0,33.86621806,1.825523317,3.314020881,4
23.10616684,2,0,36.14960327,1.810468086,3.234367177,4
23.54667664,2,0,37.89757582,1.827514755,3.168658263,4
27.66687393,2,0,40.12026579,1.624978705,2.681811765,4
23.43785095,2,0,33.95347798,1.752284997,3.771073733,4
21.29199982,2,0,30.64183152,1.738776614,3.865155663,4
20.56679916,2,0,30.23113881,1.934842341,5.190913224,4
22.39562607,2,0,32.92369542,1.831613525,4.306059006,4
21.66494751,2,0,32.09448311,1.84409048,4.286152087,4
22.20129013,2,0,32.87985052,1.724941887,3.520170616,4
22.10472488,2,0,33.90390853,1.737571429,3.28524039,4
22.12507629,2,0,35.195516,1.874698623,3.835685895,4
25.26669693,2,0,41.11047327,1.860112659,3.547477274,4
25.2523613,2,0,32.98988442,1.394006656,2.292784112,4
20.24396896,2,0,26.7260498,1.435833152,2.391213938,4
24.08486557,2,0,32.31067922,1.386757216,2.009103157,4
25.32735825,2,0,34.28819577,1.313199865,1.577134141,4
21.67475128,1,0,30.19894531,1.358289284,1.598783403,4
24.73805618,2,0,37.20771787,1.443197162,1.470703973,4
27.23562241,2,0,46.74740093,1.7011806,1.962035912,4
32.33572769,12,0,36.36084925,0.984184133,0.380278463,4
38.71658707,24,0,41.87239886,0.915654603,0.239337562,4
33.28567123,23,0,35.75231872,0.938094943,0.371869297,4
42.65953827,33,0,44.52528596,0.813140714,0.01357686,4
37.62697601,31,0,38.3970641,0.779836405,0.086422229,4
33.97496033,20,0,37.05537856,1.119185736,1.303647015,4
33.15042114,19,0,37.38889887,1.213884565,1.439907299,4
30.88961792,13,0,36.38274456,1.344497732,1.765284686,4
32.83550644,11,0,39.39634799,1.34787727,1.683954246,4
36.48370743,21,0,40.41869833,0.968459523,0.420115371,4
40.61994171,31,0,43.83157089,0.946986648,0.435993454,4
38.52333069,30,0,40.90041666,0.881150716,0.31607109,4
36.6997757,31,0,38.33716986,0.939812404,0.775890009,4
26.40866089,20,0,27.6006005,0.927690017,0.858545505,4
31.51197052,4,0,40.82416859,1.298942335,1.219551584,4
33.79799652,6,0,40.87927033,1.179901219,0.99952181,4
34.43689728,8,0,40.26350357,1.133655855,1.032623343,4
37.16207123,14,0,42.02686451,1.032338931,0.815490678,4
33.93502045,3,0,42.8425336,1.190693147,0.948620076,4
31.91241837,3,0,39.42211915,1.121121662,0.753766212,4
31.4930191,5,0,37.56860207,1.062233064,0.813982344,4
34.72132492,6,0,41.6569298,1.116758079,0.991353237,4
31.19714355,5,0,37.8364796,1.159841095,1.11496976,4
32.78239059,4,0,40.58925361,1.253256098,1.389618172,4
29.37590408,3,0,37.29244528,1.278907322,1.422321164,4
26.12964249,3,0,33.88218264,1.335400642,1.694145132,4
31.64082718,3,0,45.02113529,1.273719026,0.545656105,4
34.32462692,4,0,46.92586521,1.225585486,0.45434344,4
31.17508316,3,0,40.63866306,1.142123068,0.354212032,4
35.12380981,4,0,44.54743074,1.093348184,0.266762489,4
36.66110229,4,0,45.35070833,1.032425763,0.195379312,4
40.38820648,4,0,48.53088205,0.966513823,0.039099694,4
39.31998062,4,0,45.70684116,0.865585419,-0.159576364,4
25.22040558,3,0,34.7324387,1.513358022,1.960338799,4
27.29254913,6,0,34.40932504,1.383013755,1.646290792,4
35.1811676,10,0,42.31715401,1.287096575,1.417925443,4
30.65177536,11,0,36.07272069,1.234244026,1.330263197,4
37.71242142,19,0,42.54479313,1.158210417,1.183888249,4
31.95516968,15,0,35.9387804,1.157075268,1.20053382,4
32.24634933,21,0,35.38529317,1.166816926,1.346398761,4
37.9138298,28,0,41.26918788,1.186658764,1.292260535,4
39.8938942,27,0,43.94442411,1.190828052,1.260814944,4
33.1696167,11,0,41.17638474,1.406966589,1.852175457,4
33.56173706,15,0,39.74073342,1.318457225,1.723782836,4
36.45251465,21,0,41.02516327,1.177327542,1.298165729,4
35.81324768,25,0,38.52108996,1.070547713,1.158653416,4
38.82647324,30,0,40.49810501,1.011757796,1.021981471,4
41.5002861,30,0,43.75322698,1.030354674,0.946601178,4
37.20108032,29,0,38.79226086,1.025709197,0.927505768,4
40.66119003,32,0,42.85511772,1.045811885,0.904184585,4
38.33195496,29,0,40.89227029,1.027125191,0.763728941,4
36.42362976,9,0,42.12300549,1.050933441,0.770050521,4
38.3206749,8,0,44.54946114,1.021266974,0.507809794,4
33.72647095,4,0,41.62360895,1.209075974,1.025495503,4
27.81966019,2,0,35.76864647,1.19677747,0.842438543,4
31.73762512,2,0,43.24209936,1.329719261,1.136783113,4
32.38682556,2,0,46.66724984,1.416351555,1.343902455,4
27.99617004,2,0,43.36329498,1.589399856,1.881538127,4
32.20100021,4,0,38.73948616,1.094625347,0.788631635,4
33.56775284,5,0,39.97605449,1.094699693,0.853255317,4
33.36438751,6,0,38.89926886,1.020860066,0.607204774,4
34.04515839,7,0,39.94596109,1.096661225,1.052020557,4
31.37618637,6,0,37.7455401,1.267803376,1.736511222,4
24.03424072,3,0,38.74485049,1.690433991,1.973981318,4
29.52381897,3,0,45.68494243,1.59536512,1.638387829,4
37.26667786,28,0,40.48824154,0.99992832,0.703990894,4
27.412117,3,0,40.11779613,1.483635096,1.408215644,4
27.9316864,3,0,38.68900084,1.391296851,1.192788151,4
30.26857758,4,0,38.8624168,1.214292563,0.67972191,4
27.29335785,4,0,34.03085443,1.178734425,0.690431594,4
27.94361877,5,0,33.85077776,1.173377977,0.839514397,4
32.368927,10,0,37.63858286,1.084218739,0.656470463,4
31.32353973,17,0,35.20185146,1.03264755,0.627245568,4
35.60541153,25,0,38.80771179,0.94699615,0.445998824,4
31.48013687,14,0,33.8859606,0.847773408,0.186586459,4
31.60702896,27,0,32.27566921,0.628480703,-0.346140151,4
47.89760208,37,0,48.66740394,0.612745633,-0.657709577,4
38.71591949,35,0,38.75636852,0.657412975,-0.40717355,4
46.21740341,50,0,44.20030391,0.396505656,-1.020868055,4
40.00128937,42,0,39.18151993,0.568188907,-0.490657194,4
39.95547867,38,0,39.92390735,0.518430109,-0.769215696,4
36.03728485,21,0,38.19990718,0.786620219,-0.0731891,4
29.11316681,16,0,34.03743752,1.310734658,1.948531856,4
34.80714798,14,0,40.833662,1.237184941,1.563459466,4
29.20446777,4,0,36.76872838,1.491691044,2.503575037,4
13.69250488,2,0,26.86587507,2.561377537,7.508775529,4
14.84543228,2,0,27.56991941,2.282940625,5.602787503,4
17.07398224,2,0,30.17223869,2.018802405,3.803834771,4
15.34095001,1,0,25.98487213,1.958064538,3.862313165,4
18.59154129,2,0,29.86780945,1.829154073,3.351295203,4
19.09128952,2,0,29.23869212,1.661654067,2.503195001,4
21.20182037,2,0,28.50562181,1.311421218,1.363007324,4
25.04154205,3,0,32.71145199,1.222425536,1.021680975,4
29.73862457,3,0,37.87777363,1.193510457,0.984588059,4
25.23101425,3,0,31.87018151,1.157441389,0.848127967,4
33.09159088,3,0,43.18221563,1.279515936,1.068019063,4
34.88404083,3,0,44.5236771,1.224097464,0.924076163,4
39.21104431,3,0,51.38713737,1.271693267,0.930673736,4
36.84579468,2,0,49.95445971,1.311451161,0.957803944,4
30.69863892,2,0,43.80561426,1.408878871,1.175573302,4
27.74804688,2,1,42.26186818,1.570478557,1.716595912,4
25.43696594,1,1,41.55997731,1.69811753,2.097444938,4
35.3635788,3,0,43.79995018,1.162595191,0.797226213,4
35.55041504,4,0,43.27938425,1.096474902,0.587194683,4
37.49863052,6,0,45.14376194,1.07164898,0.571584582,4
32.39844513,5,0,39.35767492,1.11003203,0.827339522,4
32.55010605,4,0,40.11756832,1.156393513,0.886437044,4
33.28112793,4,0,40.76764479,1.126307874,0.712395458,4
31.80809021,3,0,40.04069935,1.234090913,0.980598251,4
31.56299591,3,0,40.39934001,1.226733259,0.916836637,4
18.95533371,2,0,32.72559408,1.962059996,3.374634499,4
26.37911987,3,0,43.30951717,1.764994378,2.342633991,4
25.8944397,3,0,39.65159128,1.641383057,2.108910695,4
26.96289825,3,0,39.06524449,1.519604033,1.793574172,4
28.41020584,3,0,38.56966223,1.383935586,1.385004417,4
28.14202499,3,0,36.36913518,1.305646099,1.299605595,4
31.44803619,24,0,34.29069263,0.999356118,0.810105794,4
32.11184692,25,0,34.80542746,1.042350698,1.006680744,4
28.80602646,20,0,31.15899932,1.016299035,0.957909908,4
39.48325729,30,0,41.83356644,0.975306792,0.668054644,4
34.83493042,24,0,38.24759697,1.110856221,0.991376406,4
37.57504272,14,0,44.46598904,1.210730631,1.065996717,4
36.5057869,7,0,44.96143822,1.294157027,1.285942194,4
29.73197937,4,0,38.64521457,1.414975944,1.655593529,4
31.09756851,4,3,44.49580807,1.468590631,1.000182025,4
28.89566422,4,3,37.58986909,1.243071227,0.462230016,4
34.97498322,7,3,41.62418142,1.137931687,0.324945221,4
39.01912689,17,3,42.32240376,0.945293377,0.043178433,4
41.22767258,30,3,42.84462776,1.010389904,0.39469892,4
31.01088715,3,0,43.24507973,1.393631022,1.133843378,4
28.27185059,3,0,41.06510654,1.545483664,1.775249944,4
26.55393982,3,0,40.35427066,1.608826693,1.942475932,4
34.007267,5,0,42.78891634,1.335821633,1.500724365,4
33.75688934,5,0,41.407252,1.258262567,1.31771801,4
34.23653793,10,0,40.18158703,1.137822832,1.058111432,4
22.46888733,2,0,32.96022123,1.530255199,2.059739668,4
24.97471237,3,0,34.29231863,1.318478814,1.18478785,4
31.72266388,6,0,36.82248432,0.965717229,0.404234669,4
29.16807175,4,0,34.57782117,1.025577992,0.53256819,4
27.25346756,3,0,35.56573007,1.216553048,1.001480123,4
32.30634308,4,0,38.99795609,0.971950618,0.216992242,4
37.47375107,5,0,43.4386894,0.858529179,-0.121337383,4
35.78359604,5,0,41.21789886,0.888571842,0.055265745,4
34.44225311,6,0,39.3414876,0.840845446,-0.147194226,4
25.56484604,5,0,29.26746308,0.880772918,0.142435066,4
21.8082962,2,0,36.54703084,1.767484005,2.429251916,4
22.62434769,2,0,35.11420873,1.586979031,1.86578638,4
26.68278885,2,0,39.20842681,1.450062421,1.406178977,4
28.00683212,3,0,38.87063647,1.296733469,0.843039967,4
26.01252365,2,0,34.72156991,1.232113794,0.767353108,4
32.85630798,3,0,42.38443462,1.197963765,0.77966622,4
34.20927048,4,0,43.01877462,1.150284864,0.723843765,4
36.13866425,33,0,37.45768627,0.942623869,0.75216006,4
38.64070892,36,0,39.95421611,0.925602974,0.668182498,4
25.01490784,22,0,27.01526971,1.088341278,1.20813227,4
41.54328156,35,0,45.90277452,1.089927163,0.851211589,4
26.18223953,10,0,30.69828162,1.136322256,0.826636802,4
30.19131088,5,0,36.16489162,1.134476507,0.683875105,4
27.35474396,4,0,43.00915416,1.798025003,2.712901486,4
26.75378799,4,0,40.2476367,1.703080436,2.431386939,4
31.23731232,4,0,44.63705516,1.562804725,1.874354741,4
32.00967407,5,0,43.95748614,1.495606403,1.720715586,4
32.69545364,6,0,41.98702419,1.39195129,1.602023074,4
34.05402374,6,0,42.67800073,1.340691043,1.511926466,4
33.46994781,7,0,40.68413849,1.261955677,1.36982732,4
33.68458939,16,0,38.58635825,1.136278353,1.086803135,4
36.2524147,20,0,40.68910268,1.092213872,0.954289629,4
36.45101929,25,0,39.79095504,1.074284036,1.010625419,4
23.68947601,10,0,26.42350732,1.040712513,1.033373859,4
24.84614563,12,0,27.62970433,1.01966073,0.932562868,4
26.29349136,13,0,29.72385474,1.179818127,1.651906541,4
24.52495956,12,0,27.77868165,1.150061666,1.487594008,4
29.21613693,10,0,33.81660145,1.26431876,1.861816412,4
27.55434799,19,0,30.26589319,1.10607277,1.432991745,4
31.62757874,26,0,33.53185223,0.97114798,0.880292516,4
29.99562454,5,0,37.11276752,1.203499069,0.988694134,4
25.92016983,4,0,33.64237989,1.346614598,1.443730235,4
25.5041275,4,0,35.33173788,1.494383291,1.974571356,4
34.63837433,28,0,36.34374069,0.881156623,0.537122495,4
31.6822319,23,0,33.39900519,0.887206021,0.613238488,4
35.60641098,19,0,38.45592362,0.860726547,0.209019922,4
34.84838486,21,0,37.68948673,0.957119724,0.730137053,4
34.58332062,15,0,37.73778605,0.919276402,0.444750689,4
29.72537231,10,0,33.34497051,1.029745574,0.756930139,4
32.12684631,8,0,36.59108688,1.014178359,0.592096935,4
27.44355392,6,0,32.53696246,1.178734374,1.192454112,4
40.21582794,45,0,37.5060335,0.706424199,0.4867435,4
34.22616196,35,0,33.12655386,0.925159938,1.134161354,4
40.76267242,44,0,39.09603214,0.811986452,0.65854577,4
23.26913452,22,0,23.85243413,1.133763454,2.046949895,4
23.17694473,3,0,32.98868722,1.656059055,2.578411103,4
24.80979919,3,0,33.88215717,1.495964269,1.924027147,4
25.68959427,4,0,34.19761254,1.493510608,1.956460928,4
26.70846176,4,0,34.32891788,1.400698083,1.6970746,4
36.17983246,11,0,43.01945651,1.093168153,0.625027795,4
34.18199539,18,0,39.68718089,1.124240439,0.888090596,4
36.72352219,23,0,41.16487441,1.01557126,0.596416528,4
35.69374084,24,0,39.82363905,1.039695133,0.669670105,4
39.42734146,30,0,42.37612527,0.97232091,0.690201428,4
34.54382324,29,0,36.67966839,0.98840496,0.898193777,4
34.89522171,29,0,36.49948752,0.868188747,0.416952101,4
32.70331955,27,0,34.19944916,0.681803849,-0.238877561,4
29.61058426,27,0,30.71114408,0.768325884,0.208164727,4
34.90725327,33,0,34.9902775,0.622542668,-0.260213054,4
37.59532547,33,0,38.48170938,0.718968673,0.025423889,4
42.80521774,41,0,42.97237375,0.672508854,-0.094368308,4
39.18546677,35,0,41.07788726,0.89884366,0.511092904,4
33.0574646,30,0,35.30024171,0.866783725,0.462470745,4
25.47304916,19,0,27.73763444,1.17544593,1.820935672,4
21.58082581,14,0,24.57242479,1.439671389,2.964951513,4
25.46425247,17,0,28.71297472,1.276393691,2.147960368,4
31.29771042,6,0,36.68424767,1.03731997,0.456197758,4
30.50774765,15,0,34.62683609,1.0302246,0.584489202,4
38.92166901,27,0,42.89786774,0.956397784,0.37750309,4
24.36453629,20,0,26.2945823,0.975094638,0.743380674,4
31.57340622,28,0,33.04222038,0.833130333,0.150883749,4
38.88824081,33,0,40.23629977,0.836339023,0.25868174,4
38.74444962,34,0,40.30783605,0.917700725,0.6671407,4
17.40431595,2,0,21.26099443,1.248679509,1.688700648,4
22.57568359,3,0,26.42239247,1.041584337,0.781275041,4
21.26589966,4,0,24.72057618,1.126676338,1.263797988,4
24.82203674,6,0,28.17826903,1.00942967,0.793942268,4
27.72899628,10,0,31.50996855,1.091749627,1.098025395,4
20.85441208,3,0,29.55782487,1.948950105,4.515147999,4
27.0459671,4,0,35.10470669,1.526433182,2.571404533,4
23.31876373,5,0,30.27920128,1.759449855,3.904940968,4
30.06635666,10,0,36.23765305,1.38957656,2.021260221,4
32.6151123,10,0,37.45067253,1.10301081,1.081521676,4
25.86019897,4,0,30.8985405,1.218595703,1.327933643,4
32.1877861,4,0,38.83910608,1.171097842,0.998389954,4
26.88589096,4,0,33.45748741,1.262379929,1.227531825,4
33.97663498,4,0,43.04330189,1.177465645,0.651820592,4
21.48933792,3,0,28.78761817,1.368957438,1.402855539,4
24.79253387,3,0,34.35574805,1.358648291,1.23554926,4
31.55918503,13,0,36.81773993,1.172578729,1.166158645,4
33.01264572,7,0,40.05907994,1.283683193,1.455184547,4
28.65755081,3,0,35.62983842,1.243768945,1.131516757,4
31.86767197,3,0,41.81371643,1.359349053,1.355063056,4
30.95320892,3,0,42.4644272,1.417289394,1.490992057,4
23.19715118,2,0,34.45644199,1.623543564,2.210537527,4
29.34997177,4,0,35.41463682,1.109207643,0.633794692,4
28.67288589,6,0,33.85611768,1.059432909,0.499592423,4
30.82421875,14,0,34.96466341,0.953389733,0.366760828,4
32.64035034,15,0,37.74867318,1.030146322,0.418476576,4
38.33268356,23,0,43.4465519,0.978441098,0.319824099,4
39.10536957,31,0,43.03668651,0.949372144,0.416053293,4
37.30682755,29,0,40.377854,0.888706818,0.361222942,4
29.78621292,22,0,32.73982522,0.970005447,0.688958888,4
27.32516098,20,0,30.10008511,0.951567108,0.543371468,4
27.98927307,19,0,31.23439172,0.96995147,0.511225871,4
38.71544647,28,0,42.76606502,0.880407598,0.168896102,4
32.9888382,17,0,37.92776909,1.244112358,1.569546877,4
31.89197922,13,0,38.20860904,1.444192087,2.303543535,4
25.04129791,7,0,31.73274344,1.645863833,3.137614422,4
33.77584076,15,0,38.64092018,1.032750473,0.589127028,4
30.7193222,15,0,34.36233944,0.918409505,0.227475581,4
34.38085938,12,0,41.40453799,1.307490519,1.752709219,4
33.84768677,4,0,42.64847849,1.436362316,2.161572888,4
38.76567078,37,0,39.02449693,0.705082583,0.016881669,4
34.92277527,31,0,35.6515689,0.807475474,0.471954303,4
34.50313568,30,0,35.54387991,0.852215182,0.626985657,4
37.37377548,32,0,39.10133155,0.9703218,0.99869325,4
39.05772018,34,0,41.64815162,1.03779713,1.113394466,4
39.42095184,30,0,43.2583939,1.082348462,1.041954207,4
30.99061203,27,0,32.19874319,0.816709118,0.365620006,4
29.05946732,4,0,36.72929058,1.256248934,1.371398141,4
16.43254852,2,0,23.07985618,1.50111805,2.377686086,4
19.97713852,2,0,31.01680694,1.787231489,3.397325248,4
17.6721344,2,2,33.68882851,2.447991965,6.154185416,4
15.99473953,3,0,36.01172223,2.897138405,8.027593667,4
34.56134415,36,0,34.59768114,0.837806698,0.7738217,4
37.47405624,37,0,37.82403366,0.881913822,0.875388711,4
30.71845245,28,0,31.72935188,0.970477615,1.296501386,4
36.89235306,33,0,38.20886708,0.953729199,1.103836984,4
34.67330933,31,0,36.3803597,1.028300801,1.36350013,4
34.31409073,26,0,37.1293396,1.058671478,1.304577348,4
30.58179092,7,0,35.0506289,1.209394418,1.844225469,4
32.68837738,5,0,39.20637583,1.167160401,1.196062224,4
35.32001114,7,0,42.84241378,1.209721097,1.159798828,4
36.18404388,5,0,44.44281552,1.183407258,0.89468372,4
36.31510162,5,0,45.02023267,1.182791515,0.853371003,4
34.15970993,4,0,44.15494498,1.296022793,1.187969009,4
31.75866318,3,0,45.58076196,1.535295746,1.860405807,4
29.18138885,2,0,44.89535711,1.687710086,2.330639115,4
36.7628212,25,0,41.47310697,1.099009129,0.815218299,4
33.78317261,16,0,40.49057215,1.269149681,1.184182465,4
29.83259201,4,0,37.48766278,1.32007035,1.31203631,4
28.37325287,6,0,34.20731521,1.254811193,1.23621936,4
32.4532814,15,0,37.50059803,1.126914833,0.843824231,4
29.22767639,16,0,33.71593216,1.231104244,1.235964399,4
30.63321686,19,0,34.30982023,1.141489934,1.053187335,4
31.56614685,20,0,35.72331645,1.274246718,1.46718467,4
32.30423737,23,0,34.9559618,1.156720647,1.286069324,4
35.8359642,25,0,38.55088492,1.171857224,1.395247087,4
37.58718109,31,0,39.08002847,1.100653382,1.453510121,4
35.02924347,30,0,36.41567029,1.193788191,1.965795553,4
38.86508942,34,0,40.24765002,0.921230208,0.736649875,4
35.46030807,28,0,37.21606769,0.943470969,0.657859087,4
40.7592392,32,0,42.89419494,0.997199175,0.750360066,4
41.31999969,34,0,43.2389988,0.974302784,0.604092866,4
41.74757004,34,0,44.60790957,1.072762021,0.927997266,4
39.70209885,29,0,43.05185567,0.9964196,0.65214478,4
32.2195015,15,0,37.06748575,1.18009531,1.164389643,4
35.0317688,7,0,42.07039218,1.238186476,1.264481904,4
31.06787109,3,2,44.43999904,1.283456646,0.438718849,4
31.47583008,3,2,40.65270046,1.190512262,0.518203155,4
40.64849854,7,3,46.66823005,0.992160056,0.188963752,4
44.78059006,30,3,47.07848733,0.92834535,0.254079938,4
47.88095474,49,2,46.32578127,0.846054345,0.275010288,4
48.10899353,49,3,46.04846101,0.928170949,0.571641559,4
41.37608337,44,2,38.22577188,0.917598545,0.791986454,4
41.14064026,29,2,44.49754193,0.905271551,0.076826299,4
38.33540344,5,2,44.77413528,0.951279146,-0.103445999,4
41.07250214,33,4,39.43753908,1.065859386,0.896729608,4
42.41493607,38,4,39.52414377,0.925559341,0.573948184,4
33.63850403,29,4,31.19939807,1.152873767,1.507179519,4
33.06495667,33,2,31.42900622,0.86816657,0.601251287,4
26.42676163,26,1,25.1180111,0.954661343,1.073851732,4
37.90458298,27,2,40.64510443,1.049859265,0.908785474,4
38.70471954,8,2,44.06590639,1.040941737,0.465044,4
37.36823273,39,3,33.68402956,1.130696592,2.220488122,4
41.26969147,44,3,36.5705044,1.028797888,1.863714584,4
38.28675842,41,3,34.76999006,1.074597,2.099948022,4
42.14842606,44,3,39.45732041,1.069228405,1.764795731,4
43.73303986,12,4,45.19690407,0.781506886,-0.19150189,4
46.07035065,51,4,41.94523322,0.574187381,-0.260359298,4
33.79138947,36,3,31.36601803,0.863835672,0.960395835,4
47.20487595,53,4,40.68762224,0.671550734,0.365367376,4
46.49731827,52,3,38.53769296,0.743265544,1.004169706,4
32.69265366,35,3,27.91548197,1.058706939,2.227443878,4
43.44258499,47,3,35.51822398,1.122667199,2.895760488,4
43.64518738,49,3,35.30758315,1.105633595,3.004694963,4
42.83771133,48,3,34.71962265,1.16490418,3.489097929,4
39.06254578,44,3,32.81084774,1.250868382,3.64289697,4
43.22711182,46,3,37.37810515,1.073693602,2.427992968,4
35.83695602,4,2,54.50517341,1.423611633,0.718484409,4
39.12975693,5,2,53.08618639,1.231611571,0.347189349,4
38.22951889,4,2,47.55657303,1.085407583,0.148820623,4
45.28300095,15,3,50.61404391,1.028367337,0.40143705,4
48.57054138,53,3,41.1023613,0.739558474,0.512496679,4
42.51816559,46,2,35.53879788,0.732462004,0.533056914,4
48.12501526,52,3,40.67755085,0.824172162,0.833325651,4
45.77385712,49,3,39.70459538,0.871509879,1.005101296,4
25.37910461,23,2,25.20397324,1.107627517,1.166404342,4
31.85375977,31,2,30.0238156,0.924850422,0.648750931,4
48.11415482,46,4,44.41438926,0.954667295,0.808221973,4
35.53719711,31,3,34.25765835,1.203366249,1.577973007,4
41.33753204,40,3,38.19218895,1.06445255,1.374464842,4
41.92667389,39,4,39.27847853,1.159671038,1.594675425,4
47.96537018,42,5,45.16338441,1.094462692,1.170537653,4
34.21187592,29,3,33.52022272,1.199140395,1.518280341,4
42.93126678,35,4,42.65822729,1.284759307,1.751649309,4
44.89038467,36,4,44.26650681,1.252042177,1.746578407,4
41.98219681,31,4,42.88579412,1.315953835,1.849667902,4
45.86381531,36,4,45.97147058,1.299754449,1.846441819,4
43.71082687,32,3,44.8273976,1.356352523,1.978904719,4
45.86359787,36,5,46.61944922,1.165938595,1.319984642,4
40.49686432,35,3,38.73995583,1.086756609,1.189627217,4
41.36816788,35,3,39.93030809,1.10838532,1.230983358,4
43.46427917,36,3,43.22416619,1.170347294,1.512145915,4
47.88946533,37,3,48.15895405,1.132584347,1.238968112,4
40.49076843,34,3,40.51853508,1.1741209,1.568080989,4
42.71281815,11,2,47.74440485,0.919571826,-0.012686072,4
49.2347374,43,2,50.43792008,0.775319009,-0.188394313,4
49.45045471,49,2,49.31397521,0.853108616,0.169452087,4
45.90349197,50,2,44.24162357,0.800009542,0.247907824,4
33.95112991,37,1,32.19867039,0.882606147,0.681539503,4
45.31772995,49,2,43.47625492,0.880394996,0.83485425,4
42.54122543,35,3,44.87130367,0.966205317,0.569877107,4
39.06735611,5,2,45.3882805,1.032517009,0.430173387,4
32.02911377,3,2,43.00867737,1.334179234,1.070591087,4
44.53965378,41,3,43.52987504,0.863836145,0.228624825,4
43.59084702,44,3,41.30298104,0.844424533,0.3594799,4
47.16132355,50,3,42.21227289,0.822405711,0.565413786,4
46.54468155,48,3,41.97597991,0.895156248,0.748801883,4
45.83981705,46,3,41.3335745,0.990432616,1.122639019,4
43.57509232,44,2,39.49247244,1.050183335,1.360788125,4
39.76105499,41,2,36.49793953,1.223870166,2.427689087,4
38.97187424,40,2,36.14491149,1.221542216,2.501224969,4
38.94169235,31,3,40.09487582,1.04484978,1.154055845,4
36.67542648,23,3,39.54079864,1.044668712,0.750906199,4
34.47232819,5,3,40.91646073,1.190216066,0.944233725,4
44.08019257,18,3,44.62139999,0.523907726,-1.033597095,4
39.31158447,38,4,37.72566044,1.007111078,0.713851037,4
30.28907776,4,3,47.25517381,1.654600003,1.754562717,4
32.94787979,5,4,44.31294872,1.435231385,1.35307403,4
29.39194489,5,3,37.97886578,1.524271299,1.981326752,4
38.01348495,7,4,46.16760236,1.301251807,1.12880395,4
37.81794357,9,4,44.21932775,1.330160107,1.418247264,4
36.03313065,22,4,37.99086588,1.138216861,1.038127196,4
42.01206589,7,4,50.20853611,1.034479436,-0.024116875,4
36.72813797,14,3,39.47648279,0.864933956,-0.201749365,4
50.91828537,42,4,49.48140308,0.731601876,-0.350724536,4
55.73248672,60,4,49.49506173,0.562973201,-0.439734333,4
50.21272659,55,4,42.49884239,0.596460955,-0.16056595,4
58.00918961,65,4,44.47026289,0.578918197,0.353209353,4
40.16704178,38,2,40.34247918,1.149986541,1.948012371,4
39.62653732,39,2,39.44468953,1.138128463,1.920168029,4
37.52260971,33,2,38.84101889,1.13742692,1.575745311,4
41.5573349,27,2,45.08785151,1.073447634,0.911563071,4
40.72385788,33,2,43.48235355,1.096813633,1.175570397,4
36.56256104,34,2,38.19072863,1.116615769,1.401599469,4
38.05021286,37,2,39.26172021,1.093542147,1.297149889,4
32.50443649,28,2,32.65195067,0.946854833,0.776977733,4
31.70080566,29,2,31.73135174,0.9328059,0.863622293,4
37.16275406,34,2,36.86239497,0.965011884,0.963031125,4
39.6004982,34,3,40.25384221,0.93466468,0.700777349,4
44.04498291,23,3,46.93580421,0.965540612,0.494485909,4
42.41384125,6,3,49.11428204,1.015297336,0.258964882,4
52.58713531,57,4,42.19367936,0.688897323,0.514395252,4
47.69471359,51,5,38.54761153,0.801056766,0.781648779,4
49.2740097,54,4,39.33762933,0.756336404,0.923023414,4
46.57094193,46,5,39.64860254,0.926608524,1.150131542,4
43.42760468,41,5,38.80688957,0.97829935,1.125236602,4
40.89021301,39,5,36.48912128,0.890543135,0.808016143,4
35.17907715,28,3,36.59511461,1.115574068,1.422880812,4
38.83068848,32,3,40.28113841,1.086110169,1.325736381,4
39.65311432,7,3,47.38732719,1.033429367,-0.002236855,4
47.36400986,18,4,49.17613661,0.818145018,-0.328225599,4
57.08773804,63,4,47.27242421,0.481033937,-0.504019526,4
60.99918365,67,6,47.38834686,0.544618863,-0.072069059,4
55.44690323,64,5,41.80619242,0.544682415,0.31141083,4
45.23963547,47,4,39.42505892,0.775656248,0.52207233,4
45.71216583,48,4,40.09920263,0.8158154,0.876865511,4
46.68383408,52,3,34.61680197,0.789223823,1.695486458,4
49.18149948,54,3,37.881448,0.80771981,1.357127587,4
51.21194839,56,3,40.63850075,0.755100048,0.938174715,4
58.10681152,63,4,48.54076093,0.62024095,0.037445037,4
56.03158188,61,4,48.8224409,0.531786734,-0.375810069,4
51.58008957,48,3,49.41148757,0.593567551,-0.694584985,4
42.65842056,10,3,47.10924127,0.826284479,-0.487903031,4
41.18907547,40,3,39.02457883,1.088372086,1.43382548,4
35.86024094,33,3,35.20725308,0.974246436,0.737659413,4
36.86383057,8,3,41.39777816,0.969304129,-0.044714502,4
33.85678101,4,3,42.74127621,1.08650943,-0.069859035,4
28.73030853,3,3,41.87451752,1.306765754,0.367211201,4
42.90613174,15,2,47.70369193,1.059607621,0.364532145,4
47.78917313,37,2,48.89471659,0.960674215,0.328829678,4
44.75824356,43,2,43.23700407,0.896432771,0.407501961,4
47.72974014,47,2,44.9012117,0.940584251,0.631831202,4
43.99863434,47,2,38.36993879,0.955175741,1.194706787,4
47.31961823,48,2,41.71100154,1.019954096,1.310345539,4
46.89067459,45,2,42.57925519,1.040974779,1.028846967,4
29.20938492,3,2,41.34051755,1.777070391,3.235890596,4
26.55632401,2,1,35.37083418,1.5729141,2.417331529,4
27.33132172,3,2,34.765076,1.572206667,2.693576296,4
35.1897316,22,2,41.02354845,1.489706396,2.592023335,4
34.43167496,27,2,39.28063344,1.434388002,2.475711579,4
33.28406143,5,4,43.91577186,1.240870354,0.516731379,4
41.83070755,6,4,49.4511659,0.991688117,-0.111059812,4
43.95953369,7,4,48.29069782,0.869398035,-0.224586911,4
38.87300491,21,3,40.3293482,0.787245058,-0.239121068,4
45.52144623,39,4,44.19872401,0.726377757,-0.16223404,4
51.29004288,53,4,46.59751799,0.643794405,-0.104297658,4
43.67011642,48,3,38.74147421,0.708917808,0.358310391,4
39.24119568,35,4,37.80900579,1.074438828,1.129614262,4
38.20373535,37,4,35.72599685,1.039029381,1.238477656,4
43.4715271,43,4,38.63626129,1.018971554,1.410031655,4
35.71552658,21,3,38.38941854,1.472749388,3.225057495,4
32.59102631,9,4,37.50372377,1.694280504,4.050456636,4
33.43378067,7,3,40.06648406,1.660463717,3.592114399,4
31.94406891,7,4,39.29072994,1.738478509,3.811393583,4
29.92012405,4,3,42.67095066,1.434114651,0.936834939,4
37.70789719,7,3,43.80388866,1.121746327,0.551843112,4
43.69120026,20,4,47.25032159,1.066535821,0.577445296,4
43.17783356,39,3,42.92179536,0.855325556,0.138969098,4
47.74399948,51,3,44.49754151,0.932159272,0.787357804,4
39.97251129,42,3,37.14501403,1.080072111,1.439619548,4
41.69216919,41,2,40.41594258,0.823340034,0.558806994,4
42.32201385,43,2,40.81342942,0.822304155,0.621764635,4
42.07543945,40,2,41.36996107,0.921360608,0.817448724,4
36.47515869,34,2,35.89131757,0.957034073,1.184466125,4
38.48035049,33,3,39.22301108,0.953277192,0.866284285,4
39.18398285,12,3,42.63624709,1.020369546,0.687608913,4
33.82304001,18,2,37.04464441,1.286218084,2.518209702,4
31.3844986,10,2,35.10877833,1.353614132,2.716830317,4
32.77119446,8,2,37.3945736,1.311367198,2.289469403,4
44.17038345,46,3,37.30877324,1.035826735,1.860193229,4
43.44081497,45,4,36.64776808,1.088325525,2.125544064,4
42.52399445,43,4,37.57860095,1.098573064,1.936061393,4
42.95704269,43,4,38.66676355,1.084703974,1.598330036,4
47.02859879,44,4,44.77802633,0.930194364,0.611428796,4
38.59207916,24,3,40.80174814,1.153885515,1.471610812,4
37.28981018,25,3,38.87276001,1.106327101,1.387810659,4
33.76697159,10,3,38.31793931,1.257907261,1.54273357,4
39.42967224,9,3,44.76725391,1.230983735,1.35341163,4
50.1353035,55,4,40.43363696,0.726902759,0.670569024,4
46.4254303,52,3,36.58913764,0.601928823,0.408711853,4
29.89038086,33,2,24.24732799,0.689351239,0.571011112,4
32.5573616,36,3,26.35996049,0.734573088,0.84574002,4
39.97863388,45,3,32.5381479,0.688500593,0.671788951,4
42.89714813,47,4,36.79535616,0.870984567,1.056535692,4
46.80345917,48,4,41.59935559,0.90149453,0.816296083,4
48.69054413,45,4,44.46892252,0.958529148,0.830364681,4
46.40656281,44,3,42.24015374,0.931906248,0.717308987,4
45.91591644,41,4,42.86215501,0.974662495,0.796039756,4
50.40718842,47,4,46.95198934,0.937119487,0.647606492,4
29.84227371,30,3,28.55468413,1.188913428,2.329679762,4
30.49753571,31,3,28.93038229,0.991187248,1.258509814,4
35.95162201,33,4,34.96157867,1.253468663,2.541749586,4
27.74389267,27,2,26.63188023,1.144737527,2.359654944,4
30.76351547,32,3,27.27578877,0.986920474,1.5783909,4
37.40996933,40,3,32.57905361,0.870980924,1.159667168,4
43.72483826,45,4,38.08328837,0.798227866,0.673976859,4
41.88156128,43,4,36.83691481,0.956942884,1.188495062,4
38.99433136,41,4,34.02580794,0.890831747,1.183847801,4
33.87650681,35,3,30.06607873,0.97687209,1.46823208,4
35.75325394,34,4,34.25739742,1.073749717,1.432605739,4
46.0531311,50,5,36.77101344,0.913032099,1.528449375,4
48.82891464,52,0,38.00487748,0.849236838,1.14299044,4
40.76813889,38,3,39.20332994,1.10540835,1.662679915,4
40.00440598,33,3,39.8881707,1.267677314,2.123845959,4
39.95580673,37,3,39.27740363,1.187307005,1.839705144,4
44.54314423,39,2,44.13193983,0.857564477,0.158634872,4
41.73173904,32,2,43.52893061,0.825166822,-0.178660261,4
39.61058044,7,2,46.65259063,1.053760062,0.135993408,4
34.19570923,4,2,44.64376904,1.162984827,0.204294851,4
28.55887985,2,2,42.15729519,1.351133806,0.595459015,4
47.25195694,54,3,33.19774103,0.497153674,0.647617906,4
51.86709595,61,3,36.07805572,0.384365352,0.421133067,4
48.21998596,57,3,35.60146177,0.380944228,0.114233652,4
40.23957443,41,5,34.39501066,0.974220029,1.463705986,4
39.08682251,39,4,34.888818,0.977030077,1.196229241,4
41.45589828,40,4,38.47412082,0.772771489,0.18929693,4
39.18768692,28,4,39.65618,1.035861974,0.821057217,4
23.7130127,3,2,30.76267678,1.256882281,0.79483166,4
45.58361816,32,3,47.0120837,0.843824436,-0.034545986,4
47.147789,45,3,46.02673999,0.773214553,0.008562317,4
46.05304718,44,3,43.6217402,0.828314064,0.297159999,4
44.52713013,46,3,41.02933128,0.866297097,0.736841457,4
58.80079651,57,3,46.9838405,0.772032239,0.312718768,4
56.17514801,56,0,42.33021868,0.929940718,1.217596231,4
43.30490112,7,3,49.17944308,0.910053556,-0.18410875,4
36.98085403,23,3,38.454833,0.885107118,0.142286118,4
48.54931259,45,3,47.23157269,0.754185044,-0.079543796,4
49.11078644,51,3,46.38258191,0.880342746,0.518628314,4
41.59276581,47,3,36.76645443,0.915860005,1.114835593,4
47.95932007,56,3,40.77378059,0.823788287,1.130375615,4
26.91334915,3,2,45.11572013,1.699271728,1.708242276,4
53.02443695,63,3,40.95363617,0.177585033,-0.685509807,4
56.99835587,65,3,40.45734798,0.189095525,-0.377439927,4
68.36316681,77,3,42.35796542,-0.141154165,-0.45861985,4
58.98923111,66,3,36.53644219,0.078972021,0.102668127,4
50.76614761,59,3,31.87861542,-0.023066369,-0.007852191,4
60.18782425,69,4,40.80958923,0.169522972,-0.083002789,4
37.49052429,24,2,40.63072312,1.026918146,0.708671936,4
34.50954819,5,2,40.28875838,1.093395493,0.523925663,4
36.28184509,10,2,42.59372206,1.285920771,1.660076144,4
35.39569855,11,2,42.15883096,1.380782405,1.967607662,4
32.84568405,6,2,40.08118775,1.33783786,1.649537534,4
32.99531937,6,2,40.90682945,1.399794964,1.792635674,4
33.65525818,4,2,42.354817,1.40416729,1.836010094,4
43.76698303,43,2,40.17991148,0.879451013,0.410399459,4
48.67464447,47,3,44.3283152,0.904868631,0.417757796,4
39.43398285,6,2,47.3692314,1.113479478,0.398981891,4
45.55648041,20,2,50.09656591,0.907713519,0.017402559,4
42.57405472,31,2,45.56285107,1.0272026,0.553353193,4
36.41921234,31,2,38.05292665,1.076652488,1.032051078,4
42.40819168,40,2,42.68545498,1.063525744,1.165976806,4
42.57914352,41,2,41.84694622,1.052791138,1.285443053,4
38.77859497,36,2,39.03808737,1.198843176,1.864219505,4
30.73130035,4,2,42.07174256,1.27014823,0.49761775,4
38.27656555,5,3,46.33964984,1.037218691,0.083613688,4
38.5045166,14,3,41.99080451,0.92336981,0.022895075,4
52.20461273,52,3,50.25317726,0.706418952,-0.258380585,4
46.35593414,50,3,41.45413096,0.79417445,0.397900745,4
45.76185989,48,3,39.88319416,0.840084404,0.633430607,4
31.55202866,3,0,40.76823871,1.217791618,1.187418362,4
32.64487076,3,0,42.24229299,1.153694494,0.841870338,4
32.58622742,3,0,42.3667875,1.087299393,0.438263306,4
32.40229416,5,0,43.85851069,1.461874202,1.83067389,4
32.65318298,5,0,43.37945168,1.455790351,1.918488163,4
30.18614578,5,0,39.94932797,1.483839538,2.224711138,4
30.31509018,5,0,40.56564365,1.566110888,2.664886774,4
34.04040527,4,0,43.05132416,1.177929896,0.914193316,4
33.75455856,4,0,42.62625617,1.209287051,1.191721082,4
33.0112648,3,0,41.35821699,1.164313808,1.108427041,4
28.67350769,3,0,40.46186419,1.555707429,2.647381695,4
28.0083046,3,0,39.88332139,1.654232767,3.256924667,4
27.62214279,3,0,39.26281622,1.664245105,3.466012672,4
24.64328003,3,0,35.17924858,1.648402337,3.355961354,4
30.90060806,5,0,41.11750968,1.395316796,1.728028637,4
28.99455643,4,0,39.23833935,1.443878372,1.923730441,4
28.32329941,5,0,38.89209095,1.484986554,2.018816471,4
30.39342499,5,0,41.5648282,1.418856173,1.663082226,4
25.36977768,4,0,35.18280218,1.431734041,1.581828839,4
30.31764603,4,0,42.39806559,1.385687874,1.311023281,4
37.85377884,3,0,50.21710473,1.167685451,0.647272542,4
35.23471069,3,0,51.4041693,1.308831805,0.682683212,4
31.65320206,3,0,49.45973006,1.437801135,0.922359267,4
29.58659744,3,3,50.55581165,1.625076843,1.383716182,4
24.19678116,4,0,29.89332447,1.18462007,0.947949404,4
39.7345047,6,0,48.18442772,1.248718205,1.572564692,4
32.43478775,4,0,40.90603809,1.327775629,1.866175278,4
24.41279602,3,0,31.14345206,1.390053366,2.294993903,4
25.06121445,3,0,32.3503598,1.346450887,1.967810252,4
39.80316544,6,0,47.2396997,0.94726328,-0.147193125,4
36.19045639,10,0,40.40273266,0.930162289,0.109311101,4
41.69250488,22,0,45.12121648,0.873734743,0.084985819,4
38.06719208,10,0,43.41975273,1.103104628,0.695565743,4
38.98377991,8,0,44.6003086,1.093989201,0.788815066,4
35.96455002,6,0,43.349737,1.24479758,1.184702778,4
39.02226639,5,0,49.83751496,1.383438633,1.57079484,4
28.40423203,3,2,46.78124632,1.969927349,3.520175037,4
25.74332047,2,2,46.39800454,2.156839375,4.194155732,4
39.27698898,32,0,41.01463366,0.873673465,0.311113813,4
43.14261627,39,0,44.73330642,0.824141907,0.206236345,4
39.55281067,13,0,44.03700698,0.936708355,0.333430525,4
40.09114838,19,0,43.7262214,0.921296811,0.422879733,4
40.60088348,13,0,45.86073751,0.996903127,0.298471426,4
38.13830566,16,0,42.88850255,1.00037585,0.361602062,4
38.67247009,8,0,45.47564969,1.127578989,0.689988776,4
38.51125336,7,0,45.88834026,1.128703654,0.68644156,4
41.1628952,23,0,45.37277343,0.930271643,0.257530072,4
41.28007507,32,0,44.08907963,0.87769955,0.237048939,4
39.45848465,29,0,41.82966707,0.860006149,0.209663933,4
40.18564224,28,0,42.42922973,0.830102912,0.128329056,4
40.87393188,30,0,42.94046227,0.842089333,0.228754035,4
44.10118484,29,3,46.90076672,1.031570427,0.785776738,4
35.52390671,5,0,46.70435909,1.27443581,0.793210758,4
34.88777924,5,0,43.0389536,1.16603456,0.612072398,4
37.23062515,7,0,44.03779904,1.117305516,0.638664302,4
37.42480469,7,0,43.45915057,1.107613326,0.726828522,4
40.26039505,14,0,45.50587619,1.03452661,0.532344008,4
42.42832565,19,0,46.5769108,0.942241661,0.35133822,4
37.7038765,16,0,41.36397937,0.967363532,0.541070958,4
33.90964127,11,0,37.59887065,0.949994219,0.41419811,4
34.33153152,5,0,41.73587007,1.092394025,0.384283109,4
41.41708374,6,0,48.57083902,1.032531393,0.342230168,4
40.93972015,8,0,46.00680216,0.934960326,0.186718937,4
41.07223511,14,0,45.41212438,0.933373059,0.327754993,4
35.31409836,18,0,38.52193888,0.975307907,0.794989011,4
39.89273453,20,0,42.47121122,0.960364378,0.518646544,4
38.93612289,25,0,40.39694909,0.909596388,0.515682905,4
45.67844391,34,0,46.88889673,0.866340055,0.285134578,4
41.32109833,21,0,43.88816466,0.873734452,0.166258364,4
41.19376755,12,0,45.49751797,0.856734608,0.013550146,4
42.27528763,21,0,45.41683372,0.812379354,0.010717324,4
37.22977066,7,0,43.09841937,1.023871105,0.50068546,4
39.43068314,11,0,43.97998235,0.93811494,0.380908786,4
24.14058685,4,0,35.01824447,1.694535072,2.596888706,4
32.98801422,6,0,40.83923429,1.435561291,2.153144741,4
33.5236969,8,0,40.07836975,1.370100702,2.095574933,4
41.54140472,6,4,48.49587353,0.985693742,-0.193085062,4
37.70140457,25,3,38.7437632,0.921059693,0.123453737,4
44.28647995,8,2,50.44545582,0.900647977,-0.186409414,4
49.11539459,45,2,48.00188638,0.69460788,-0.2079382,4
48.35227966,49,2,45.63141065,0.695481761,-0.009555943,4
41.94099808,41,2,39.4908915,0.802262636,0.480140357,4
44.77448273,46,3,42.21287087,0.862140092,0.601480601,4
45.38920212,41,3,46.50577066,1.031764184,0.812722158,4
40.78495789,7,3,47.29432068,1.130612287,0.633626675,4
44.37762451,39,4,44.51766429,1.048192659,1.283668106,4
42.91094971,27,3,45.18279833,1.084031527,1.178493228,4
42.53111649,15,3,46.89301388,1.121296249,1.054505324,4
40.59503555,6,3,51.87033973,1.080778591,-0.063029262,4
49.66437149,12,3,54.42800654,0.795876883,-0.539062057,4
59.44600677,49,3,59.10512706,0.578600067,-0.840271593,4
43.65748978,12,3,47.83419695,0.873702603,-0.051514851,4
46.55503464,37,2,47.2121209,0.952761204,0.757318526,4
44.18048477,38,3,40.95424973,1.160793473,1.74784529,4
34.0077858,6,2,46.82919251,1.344899982,0.672535505,4
43.89014435,35,2,41.86526086,1.08031174,0.891597472,4
41.1243248,20,2,43.70936254,1.054265503,0.301977604,4
50.94208908,35,2,47.08321116,0.973298363,0.401447452,4
50.83327103,31,3,49.36280691,0.920688753,0.116090506,4
50.39233398,36,2,47.09183091,0.971960602,0.495129431,4
39.53184128,27,2,38.40497744,1.128858115,1.15951564,4
44.45544434,41,2,45.17112887,1.030709988,1.097951465,4
43.32570648,46,2,41.22230111,1.013659515,1.419205595,4
40.54587555,32,4,39.25169429,1.508733272,3.16821145,4
43.98192596,8,3,49.72059523,1.010258947,0.276463559,4
46.90266037,41,3,46.78335333,0.936693433,0.555471006,4
48.24700165,46,3,46.66196245,0.949878691,0.848148336,4
28.2901001,27,1,26.80926668,1.047189244,1.709430682,4
25.70317078,27,1,23.48651411,0.969187521,1.477972887,4
45.19689178,7,3,52.58291479,0.910441879,-0.253210733,4
51.21966934,19,3,53.30239681,0.732060834,-0.517096604,4
55.53892899,46,3,53.7494725,0.620516399,-0.552030929,4
55.61452866,55,3,50.73553875,0.679355537,-0.087721389,4
53.52765656,51,2,48.18657289,0.706590432,-0.107577222,4
47.00234985,16,2,50.86068354,1.000753637,0.114710097,4
55.69438171,60,2,44.57040301,0.664183459,0.306438926,4
42.44165802,44,1,34.50536856,0.893188085,1.298753834,4
44.7432251,49,1,37.31110393,0.820239684,1.049828316,4
48.25976944,48,2,43.67011075,0.732522716,0.029008508,4
51.72289276,44,2,50.42336911,0.745272122,-0.291162226,4
25.90547562,21,1,26.70202147,1.145964728,1.947206533,4
20.16374588,17,1,20.82700465,1.090223103,2.111731452,4
38.77799606,15,5,42.39117578,1.315397015,1.654636884,4
40.17165756,24,5,41.77855974,1.287050301,1.888932804,4
43.76304245,24,3,46.08819534,0.949180457,0.487313591,4
34.3223114,8,2,38.86641033,0.989256555,0.142462525,4
40.11238098,5,3,50.20225873,1.1145588,0.232625419,4
40.65444565,36,4,37.47042296,1.067603014,1.729895776,4
48.98829651,40,5,46.75321289,0.857780086,0.266877688,4
45.20484924,44,3,37.74443051,0.81438035,0.637624113,4
41.81541061,41,3,35.72627383,1.016519478,1.457693857,4
56.10303879,60,3,44.05781268,0.714142652,0.652063113,4
54.01195526,58,4,44.74598312,0.708140454,0.379889805,4
52.6087265,54,3,45.55899328,0.767178466,0.360048789,4
51.87215042,48,3,49.92872056,0.751040367,-0.173679489,4
52.57555389,36,3,55.4320349,0.874473629,-0.116226411,4
50.99611664,12,5,55.3493542,0.906908767,-0.068925325,4
50.04709244,31,4,51.34495775,0.838629384,-0.0692269,4
50.8476181,43,4,49.71984329,0.889558722,0.387710655,4
38.68167114,9,2,45.15332842,1.27848144,1.513485644,4
37.27807617,11,2,42.28841064,1.343564299,2.097328831,4
35.81702042,24,2,38.30130035,1.434077311,3.036536924,4
31.58617783,5,3,40.66587961,1.317406491,1.071805868,4
44.59981537,22,4,47.42737739,0.989969746,0.272617183,4
52.90286636,37,4,51.78770112,0.849427162,-0.009137931,4
50.96961975,36,4,49.46017997,0.906081267,0.240008759,4
25.89040756,2,0,35.53706169,1.276545526,0.866315879,4
32.08546448,3,0,42.33178665,1.231917173,1.000770187,4
31.54283905,3,0,40.47166228,1.194270307,1.204691754,4
29.28406906,3,0,37.76447919,1.239604732,1.416196385,4
27.01455688,2,0,35.49850646,1.242284228,1.247810282,4
27.4164238,3,0,36.52438277,1.25017193,1.20181365,4
18.41337204,2,0,25.82760472,1.62452815,3.242582132,4
21.02815628,2,0,29.64800127,1.560217628,2.682398988,4
22.32169724,2,0,32.1056667,1.539931618,2.539379234,4
28.46252441,3,0,35.91952133,1.215235939,1.593237436,4
30.12809753,3,0,40.66771429,1.333365953,1.402645413,4
31.81331253,4,0,41.125026,1.302187526,1.659788037,4
29.74189377,3,0,38.25852678,1.291533114,1.744669242,4
29.78602219,3,0,38.44336639,1.310925175,1.815887652,4
31.04623413,3,0,40.15212408,1.280924473,1.622955767,4
30.08084488,3,0,39.30566277,1.281423805,1.530578774,4
30.80865097,3,0,40.90126033,1.288577234,1.398515529,4
30.85474777,4,0,39.77224676,1.347375028,1.979306773,4
31.84165573,3,0,41.59761105,1.331802024,1.736802021,4
31.98828888,3,0,42.52359862,1.348043396,1.675303091,4
32.38999557,3,0,43.95472589,1.338925684,1.442255104,4
28.39044571,3,0,41.4648948,1.431565218,1.382119402,4
30.15273285,3,0,46.3687185,1.519146706,1.530158552,4
29.27316284,3,0,39.1679097,1.201798463,1.039051091,4
30.94919205,3,0,41.75541397,1.174933871,0.739292462,4
29.967453,3,0,40.87317209,1.161718166,0.59912748,4
31.75069046,3,0,44.26524226,1.172780535,0.436672225,4
25.87222672,3,0,39.10907483,1.300446761,0.507840079,4
30.3645134,3,0,48.93565332,1.466080146,0.949984644,4
26.87181473,3,3,47.20184398,1.709479071,1.720174194,4
33.50758362,4,0,41.3510488,1.000953038,0.483774699,4
28.60837173,4,0,38.99645341,1.277748636,0.861464423,4
22.88596725,4,0,34.91894618,1.548477371,1.439008422,4
24.13316345,4,0,39.09077285,1.702988192,1.896014281,4
25.87755203,2,0,34.31238041,1.287861509,1.68802459,4
26.53517532,3,0,35.48220829,1.269812291,1.499472611,4
27.14756393,2,0,38.62853794,1.382557696,1.553531316,4
26.68800735,2,0,40.11040386,1.5155924,1.894697055,4
19.60111618,2,0,33.60374668,1.822536919,2.715191951,4
20.42177963,2,2,37.8648653,2.046890898,3.499105124,4
31.20439148,5,0,39.13988081,1.484026239,2.998947478,4
31.11661148,5,0,39.62753463,1.413406814,2.349072693,4
30.76046371,4,0,39.75931002,1.341760087,1.7828781,4
30.71472549,4,0,41.00729665,1.405537935,1.831737545,4
30.55518723,3,0,42.20541737,1.40210501,1.598049722,4
